50 40 30
65 80 97 66 86 79 80 77 77 87 76 80 90 79 89 66 78 95 107 105 78 102 119 93 87 98 100 96 68 113 92 81 95 80 100 73 92 89 99 72 
12 56 5 7 29 44 22 37 30 18 51 53 4 14 18 11 5 56 46 55 7 42 12 58 40 17 45 50 26 47 24 1 5 21 2 14 57 46 16 31 12 43 44 7 28 52 41 33 30 56 
1 1 1 1 0 0 1 1 0 0 0 1 1 1 1 1 1 1 0 1 1 0 1 0 1 0 0 1 0 1 1 1 0 0 1 0 0 1 0 1 1 0 1 1 1 1 1 0 1 0 
1 1 1 1 0 0 1 1 0 0 1 0 1 1 0 1 0 1 1 1 1 1 1 0 1 1 1 1 1 1 1 1 1 1 0 0 0 1 1 1 1 0 0 0 1 1 0 1 0 1 
1 0 0 0 1 1 0 0 1 0 1 1 0 0 1 1 1 1 1 1 1 0 1 0 1 1 0 0 1 0 0 1 0 1 0 0 0 1 0 1 1 0 1 0 1 1 0 1 0 0 
1 1 1 0 1 0 1 1 0 1 0 0 1 1 1 1 1 1 0 1 0 1 0 1 1 1 1 0 0 1 1 1 1 0 1 1 1 1 1 0 0 1 1 0 0 0 1 0 0 0 
1 1 1 1 1 0 1 0 0 0 1 0 1 0 0 1 1 1 1 0 1 1 0 1 1 1 1 1 1 0 1 0 0 1 1 0 1 1 1 0 0 1 0 1 1 1 0 1 1 0 
1 1 1 0 0 1 1 0 1 0 0 1 0 1 1 1 1 0 1 1 1 0 1 1 0 0 1 1 1 1 1 0 1 1 0 1 0 1 1 1 0 1 1 1 1 1 1 1 1 0 
1 1 1 1 1 0 0 1 1 0 1 1 0 1 0 1 0 0 1 0 1 0 0 1 0 1 1 0 1 0 1 1 1 0 1 1 0 1 0 1 1 1 1 1 0 0 0 0 0 0 
0 1 0 0 0 1 1 1 0 0 0 1 1 1 1 1 1 0 1 1 0 0 0 0 1 1 1 0 1 1 0 1 0 1 1 1 1 0 1 1 1 1 0 1 1 1 1 0 0 0 
0 1 1 1 1 1 0 0 1 1 0 1 0 1 0 1 0 1 0 1 1 0 1 0 0 1 0 0 0 0 1 1 1 1 1 0 0 1 1 0 1 0 0 1 0 1 0 0 0 0 
0 1 1 1 1 0 0 0 1 1 0 0 1 0 1 1 1 0 0 0 0 1 1 0 1 0 0 0 1 0 0 0 1 1 1 1 1 1 0 0 1 1 1 0 1 1 0 0 1 1 
0 0 1 1 1 0 0 0 0 1 0 1 0 1 1 1 0 1 1 0 1 1 1 1 0 0 1 1 1 1 1 1 1 1 0 0 1 0 0 0 0 1 0 1 1 0 0 0 1 1 
1 1 0 1 1 0 1 1 1 1 1 1 1 1 1 0 1 0 1 1 1 1 1 1 1 0 1 1 1 0 1 1 1 1 1 1 1 1 1 0 1 0 1 0 1 1 0 0 1 1 
1 0 0 0 1 0 0 0 1 0 0 1 1 1 0 0 0 1 0 0 1 1 0 1 0 1 0 1 0 1 1 1 0 0 1 1 1 0 1 0 1 0 1 1 1 1 1 1 0 1 
1 0 1 1 1 0 1 1 0 0 0 1 1 1 0 0 1 1 1 1 1 0 1 1 1 1 0 1 0 1 1 0 1 1 0 0 1 0 1 1 0 1 0 1 1 1 1 0 0 0 
1 1 1 0 0 1 1 1 1 1 0 0 1 1 0 0 1 0 1 1 0 1 1 1 0 1 0 1 1 0 1 0 1 0 1 0 0 0 0 1 1 1 0 0 1 0 1 1 1 1 
0 1 1 0 0 0 0 1 1 1 1 0 1 0 0 1 1 1 0 1 1 1 1 0 1 1 0 1 1 1 0 1 1 1 1 0 0 1 1 1 0 0 1 0 0 1 1 0 1 0 
1 0 1 0 0 1 1 1 1 1 1 0 1 1 1 1 0 0 0 1 0 1 1 1 1 1 0 1 1 1 1 0 1 1 0 0 1 0 0 0 0 0 0 0 0 1 1 0 1 1 
0 0 1 1 1 1 1 1 1 1 1 0 0 1 0 0 1 1 1 0 1 1 1 1 1 1 0 1 1 0 1 1 0 1 1 1 0 1 0 1 1 0 0 1 1 1 1 1 0 1 
1 0 1 1 1 1 1 0 1 1 0 1 1 1 1 1 1 1 1 1 1 0 1 1 0 1 1 1 1 0 1 1 0 1 1 1 1 1 1 1 1 1 0 1 1 1 0 1 1 0 
1 1 1 0 1 1 1 1 1 0 1 1 1 1 1 1 0 1 0 1 1 1 0 1 0 1 1 1 1 0 0 0 1 1 1 1 0 0 0 1 1 1 0 0 0 0 0 1 1 0 
1 1 0 0 0 0 1 0 1 1 1 1 0 1 0 1 1 1 1 0 1 1 0 1 1 0 0 1 1 1 0 1 1 1 1 1 1 1 0 1 0 0 1 0 1 1 0 1 0 1 
1 0 0 0 1 1 1 1 0 1 0 1 1 1 0 0 1 1 1 0 0 1 1 1 0 1 0 1 1 1 1 1 0 1 1 0 1 0 0 0 1 1 1 0 0 1 0 1 0 0 
1 0 1 1 1 1 1 1 1 1 0 1 1 1 1 1 1 0 1 1 1 0 1 0 1 0 1 0 1 1 1 1 1 0 1 0 0 1 1 0 1 1 0 0 1 1 1 0 1 1 
1 0 0 0 0 1 1 1 1 1 1 1 1 1 1 0 1 0 1 1 1 1 1 0 1 1 1 1 1 1 1 1 0 0 0 1 0 0 1 1 1 1 0 1 0 0 0 1 1 0 
1 1 1 1 1 1 0 1 0 1 1 1 1 1 1 0 1 0 0 1 1 1 1 0 1 1 1 1 0 0 1 1 1 0 0 0 0 1 1 0 0 0 0 1 1 0 1 0 0 1 
1 0 0 1 0 1 1 1 0 0 1 1 0 0 0 1 0 0 1 1 1 1 1 1 1 1 1 0 1 1 1 1 1 0 1 1 1 1 0 0 1 1 0 1 0 1 0 0 1 1 
1 0 0 0 1 1 1 1 0 1 1 1 0 0 0 0 1 1 1 1 0 0 1 1 0 1 1 0 1 0 1 1 0 1 1 1 1 1 0 1 0 1 1 1 0 1 1 1 0 1 
0 0 0 1 0 1 0 0 1 0 1 1 1 1 1 1 0 1 0 1 0 1 1 1 0 1 1 0 0 1 1 1 0 1 1 1 0 0 0 1 1 0 0 1 0 1 1 0 0 1 
1 0 0 1 0 1 0 0 1 1 0 1 1 0 1 0 0 0 0 1 1 1 0 0 0 0 1 1 1 1 0 0 0 1 1 1 1 1 1 0 0 1 1 0 1 1 1 1 0 0 
0 0 1 1 0 0 0 1 1 1 1 0 0 1 0 1 0 1 1 1 1 1 1 0 0 1 0 0 1 1 1 0 0 1 1 1 1 1 1 1 1 1 0 1 1 1 0 1 1 0 
1 0 1 0 0 1 1 0 0 0 1 1 0 0 0 0 1 0 1 0 1 1 1 0 0 0 1 1 1 0 1 1 0 0 1 1 0 0 0 0 1 1 1 1 0 0 1 1 0 1 
0 1 0 1 1 0 1 1 0 0 1 1 1 1 0 0 0 0 0 1 1 1 1 1 1 1 1 0 1 0 1 1 1 0 0 0 0 0 1 0 1 0 1 1 1 1 1 1 0 1 
0 1 0 0 0 0 0 1 1 1 0 1 1 0 1 0 0 0 1 1 0 1 1 1 0 1 1 1 0 1 0 1 1 1 1 1 1 1 1 0 0 1 1 1 0 1 0 1 1 1 
1 0 1 1 0 0 1 1 0 0 1 1 0 1 1 1 0 0 0 0 1 0 0 1 0 1 0 0 1 0 1 1 0 1 0 1 0 0 0 1 0 0 1 0 1 1 0 1 0 0 
1 0 1 1 0 1 1 1 1 1 0 0 1 1 1 0 1 1 0 0 0 1 1 0 1 0 0 1 1 1 1 0 1 1 0 1 1 1 1 1 1 1 0 1 1 1 1 1 0 1 
1 0 1 0 1 1 1 0 0 0 1 0 1 1 0 0 1 0 0 1 1 0 1 0 1 1 0 0 1 0 0 1 1 0 0 0 1 1 0 0 1 1 1 1 0 0 1 1 1 1 
0 1 1 1 1 1 0 1 1 1 1 0 0 0 1 0 1 1 1 1 0 0 0 1 0 0 1 1 0 1 1 1 1 0 1 0 1 0 1 0 1 1 1 0 0 0 1 1 1 1 
1 1 1 1 1 0 0 1 1 0 0 1 0 0 1 1 0 0 0 1 1 1 0 0 0 1 1 0 0 0 1 1 0 1 0 1 1 1 1 1 1 1 1 1 0 0 1 1 0 0 
1 1 0 1 0 0 0 0 1 0 1 0 1 0 1 1 1 1 1 1 0 1 0 1 1 1 1 1 1 1 0 0 1 1 1 1 0 0 0 1 1 1 0 1 1 1 0 1 1 0 
1 1 1 0 1 0 0 0 1 1 1 1 1 1 1 0 0 0 1 1 1 1 0 1 0 0 1 0 1 1 1 1 0 0 1 1 1 1 1 1 1 0 0 1 1 1 1 1 1 0 
