100 40 20
104 66 93 112 85 72 61 114 106 100 71 95 105 120 69 73 87 65 135 83 112 64 82 79 92 87 60 77 93 77 113 99 69 85 72 81 76 107 108 98 
17 4 35 29 54 23 39 5 39 4 14 15 52 54 8 19 31 9 2 41 15 44 18 26 59 39 11 40 16 9 22 11 58 42 56 14 24 22 30 4 3 8 54 50 20 56 55 44 51 29 14 59 33 52 3 39 54 16 59 18 55 40 49 49 44 26 19 31 16 40 28 22 32 3 8 56 15 55 2 46 40 9 1 54 32 11 13 31 59 35 59 54 2 57 13 20 52 13 16 52 
0 1 0 0 0 0 1 0 0 0 1 0 0 1 0 0 0 0 0 1 1 1 1 0 0 0 1 0 0 0 0 1 0 0 0 0 0 1 0 0 0 1 0 1 0 0 0 0 0 0 1 0 0 0 0 0 0 1 0 0 0 0 0 1 1 0 0 0 0 0 0 0 0 1 0 0 0 1 0 0 0 0 0 1 0 0 0 0 0 0 0 1 1 0 1 1 0 0 1 0 
0 0 1 1 0 0 0 0 0 0 0 1 0 0 0 0 0 1 1 0 0 1 0 0 0 0 1 0 0 0 0 0 0 0 1 1 0 0 1 0 0 0 0 1 0 1 0 0 0 1 0 0 0 1 0 0 0 0 1 1 1 1 0 0 1 1 0 0 0 0 1 1 0 0 0 1 1 0 1 0 0 1 0 0 0 0 0 1 0 1 0 0 0 0 1 1 0 0 0 0 
0 1 1 0 0 0 0 1 0 0 0 0 1 1 1 0 0 0 0 0 0 0 1 1 1 0 0 1 1 0 1 0 0 0 0 0 0 0 0 0 0 0 0 1 0 1 0 1 0 0 0 1 1 0 0 0 1 0 0 0 0 1 1 0 0 0 1 1 0 1 0 0 1 0 0 1 0 1 0 0 1 0 1 1 1 1 0 0 0 0 1 1 0 1 1 1 1 0 0 0 
0 1 0 0 0 0 1 1 0 1 0 0 1 0 0 0 0 0 0 1 1 0 0 0 0 0 0 0 1 1 1 1 0 1 1 0 0 0 0 0 0 1 0 0 1 0 0 0 0 0 0 0 0 0 0 0 0 0 0 1 0 0 0 0 0 0 0 0 0 0 1 0 0 1 0 0 0 0 0 1 1 1 0 0 1 0 1 1 1 0 1 0 0 1 0 1 0 0 0 0 
0 0 0 0 1 0 0 0 0 1 0 1 0 0 0 1 0 1 1 0 0 0 1 0 0 0 1 0 1 0 0 0 0 1 0 1 0 0 0 1 0 0 1 0 0 1 0 0 0 0 0 0 0 0 0 0 1 0 1 0 1 0 0 1 0 0 1 0 1 0 1 0 0 0 0 0 0 1 1 0 0 0 0 0 1 0 0 1 1 1 0 1 0 0 0 1 0 0 0 0 
0 1 1 1 0 1 0 0 0 0 1 0 0 1 0 0 0 1 0 0 0 0 0 0 0 1 1 0 0 0 0 0 0 1 0 0 0 1 0 0 0 1 1 0 0 0 1 1 0 0 0 1 1 0 1 0 1 0 1 0 0 1 0 1 0 0 0 0 0 0 0 1 0 0 0 1 0 0 1 1 0 0 1 0 1 0 0 0 0 0 0 0 0 0 1 0 0 0 0 1 
1 1 0 0 0 0 0 1 0 0 0 1 0 0 0 0 1 0 0 0 0 1 0 0 0 0 0 1 0 1 1 0 0 0 1 0 0 0 0 0 1 0 0 0 0 0 0 0 1 0 1 0 1 0 0 0 0 1 0 0 0 0 1 0 0 0 0 0 1 0 1 0 1 0 0 0 0 0 0 0 0 0 1 0 0 0 0 0 1 0 0 0 0 1 0 0 0 0 0 0 
1 0 0 1 0 0 0 0 0 0 0 0 1 0 0 0 1 0 0 0 0 0 0 0 0 1 0 1 1 0 0 1 0 0 0 0 0 1 0 0 0 0 0 0 1 1 1 0 1 0 0 0 0 0 0 1 0 1 0 0 1 0 1 0 1 0 0 0 0 1 1 1 0 0 0 0 0 0 1 0 1 0 0 0 0 1 0 1 0 0 0 0 0 0 0 0 0 0 0 0 
0 0 0 1 0 1 1 0 0 1 0 1 1 1 1 1 0 1 0 1 0 0 0 1 1 0 1 0 0 1 0 0 0 0 0 0 1 0 0 0 0 1 1 0 0 0 1 1 0 1 1 0 0 0 0 0 0 0 0 0 0 1 0 0 1 0 0 0 0 1 1 0 0 0 1 0 0 1 0 1 0 1 0 1 0 0 1 0 0 1 0 0 1 1 1 0 1 0 1 0 
0 0 0 1 0 0 0 1 0 0 0 1 1 1 0 0 0 0 0 0 1 1 0 0 1 0 0 0 1 1 1 1 1 1 0 1 0 0 0 0 0 0 0 1 0 0 0 0 0 0 0 0 0 0 0 0 0 0 0 0 0 0 0 0 0 0 0 0 0 1 0 0 1 0 0 0 0 1 0 0 0 0 0 0 0 1 0 0 0 1 0 0 0 0 0 0 0 1 0 0 
0 0 1 0 1 0 0 0 0 0 0 0 0 0 0 1 0 1 1 0 0 0 0 0 0 0 0 0 1 1 0 1 0 0 0 1 1 0 0 0 0 0 1 0 0 0 1 0 1 0 0 1 1 0 0 0 0 0 0 0 1 0 0 0 0 1 0 1 1 0 1 1 0 1 1 0 0 1 0 1 0 0 0 0 0 0 0 1 0 0 1 1 1 1 0 1 0 0 0 0 
0 0 0 0 0 0 0 0 0 0 0 0 0 0 0 1 0 0 1 0 1 0 0 0 0 0 0 1 0 1 0 1 0 0 0 0 0 0 0 0 1 1 0 1 0 0 0 1 0 0 0 1 0 0 1 0 0 0 0 0 1 1 1 1 0 0 1 0 0 0 1 0 0 1 1 1 0 0 1 0 1 0 1 1 0 0 0 1 0 0 0 0 0 0 0 0 0 0 0 0 
0 0 0 1 0 0 0 0 1 0 0 1 0 0 0 1 0 0 0 0 0 0 0 0 1 1 1 1 1 0 1 1 0 0 0 0 0 0 0 1 0 0 0 0 0 0 0 0 0 0 0 0 1 0 0 0 0 0 0 0 1 1 0 0 0 0 0 1 1 1 0 1 0 0 0 0 0 1 0 0 0 0 1 0 0 0 0 1 1 1 0 0 0 0 0 0 0 0 1 0 
1 0 0 0 1 1 0 0 0 0 1 1 0 0 0 1 1 0 0 0 1 1 1 1 1 1 0 0 0 0 0 0 0 1 0 0 1 1 1 0 0 0 1 0 1 0 0 0 0 1 0 0 0 0 1 0 0 1 0 0 0 0 0 1 0 0 0 0 1 0 0 0 0 0 1 0 1 0 0 0 1 0 1 0 0 0 0 1 0 0 0 0 0 0 1 1 0 0 1 0 
1 0 0 0 0 0 1 1 0 0 0 0 0 1 0 0 0 1 0 0 0 0 0 0 1 0 0 1 0 0 0 0 0 1 1 1 0 0 0 0 0 0 1 1 0 0 0 1 1 0 0 0 1 0 0 0 1 1 0 1 0 0 1 0 0 1 1 1 0 0 1 1 0 0 0 1 0 0 0 0 1 1 0 0 0 1 0 0 0 1 0 0 0 0 1 0 1 0 0 0 
0 1 1 0 1 0 0 0 0 0 0 1 0 1 0 0 0 0 0 1 0 0 0 0 0 0 1 1 1 1 1 1 0 1 0 1 0 0 0 0 1 0 0 0 0 0 0 0 1 1 0 0 0 0 1 0 0 0 1 0 0 0 0 0 1 0 0 0 0 0 0 0 0 1 0 0 0 0 1 0 0 0 0 1 1 0 1 0 0 0 0 1 0 0 1 0 0 1 0 0 
0 1 1 0 1 0 0 0 0 0 0 0 0 1 1 1 0 0 1 1 0 0 1 0 0 0 0 0 0 0 0 0 0 0 0 0 1 0 1 1 0 1 0 0 1 0 0 0 0 0 0 1 0 0 1 0 0 0 0 0 0 0 0 0 0 1 0 0 0 1 0 0 0 0 0 0 0 0 1 0 0 0 0 0 0 0 0 0 0 0 0 0 0 0 1 0 0 0 1 0 
1 0 0 0 1 0 0 0 0 0 0 0 0 0 0 0 0 0 1 0 0 1 0 0 0 0 0 0 0 1 1 1 1 0 0 0 0 0 0 0 0 0 0 1 0 0 0 0 0 0 1 0 0 0 0 1 1 0 0 1 0 0 0 1 0 0 1 1 0 0 1 0 1 1 1 1 0 1 0 1 0 1 1 0 1 1 0 0 0 0 1 0 0 0 0 0 1 0 0 0 
0 0 0 1 0 1 0 0 1 0 0 0 0 1 0 0 0 0 0 0 1 0 1 1 1 1 0 0 0 1 0 0 0 0 0 1 0 0 1 0 0 1 1 0 0 0 0 0 0 0 0 1 0 0 0 0 0 0 0 0 1 0 0 0 0 0 0 0 0 1 0 1 0 1 1 1 0 0 0 0 0 0 0 1 0 0 0 0 1 0 0 0 1 1 1 1 1 0 0 0 
0 0 0 1 1 0 0 0 1 0 1 0 0 0 0 0 0 0 0 1 0 1 0 0 0 1 0 0 1 0 0 0 1 1 0 0 0 1 0 1 1 0 1 1 0 0 1 1 0 0 1 0 0 0 0 0 1 0 0 0 0 1 0 0 1 0 0 0 0 1 1 1 1 0 0 0 0 0 1 0 0 1 0 0 0 0 0 1 0 0 0 0 1 0 1 0 0 0 0 0 
0 1 0 0 0 1 0 0 0 1 0 0 0 1 0 1 0 1 0 0 0 0 0 0 0 0 0 0 0 1 0 0 0 0 1 1 0 1 0 0 0 0 0 0 0 1 0 0 1 0 0 0 0 0 0 0 0 0 0 0 0 0 0 0 0 0 0 0 1 0 0 0 0 1 0 1 0 0 0 0 1 0 0 0 0 1 0 1 1 1 0 0 0 0 0 0 0 1 0 0 
0 0 0 0 0 0 0 0 0 0 0 0 0 0 0 0 0 1 0 0 0 1 0 0 1 1 0 0 0 1 0 0 0 0 0 0 1 1 1 0 1 0 0 0 0 0 1 0 0 0 0 0 0 0 0 0 1 0 0 1 0 1 0 1 0 0 1 0 0 1 0 0 0 1 0 0 1 0 0 0 0 0 1 0 0 1 0 1 0 1 0 1 0 1 0 0 0 0 0 1 
0 1 0 0 1 0 0 0 1 0 0 1 0 1 0 0 1 0 0 0 1 0 0 0 0 1 1 0 0 0 0 1 0 1 0 1 1 0 1 0 1 1 0 1 1 0 0 0 0 0 1 0 0 0 0 0 0 0 0 0 1 1 1 0 0 0 1 0 0 0 0 0 1 1 0 0 0 0 1 0 1 0 0 1 0 0 0 0 0 1 1 1 0 0 0 1 0 1 1 0 
0 0 0 0 0 1 1 0 0 1 0 0 0 0 0 0 1 0 0 0 1 0 0 1 0 0 0 0 0 0 1 0 0 0 0 1 1 0 0 1 1 0 1 1 1 0 0 1 0 1 1 1 0 1 0 1 1 0 1 0 0 0 0 1 1 0 0 0 0 1 1 0 0 0 0 0 0 0 0 0 0 0 0 0 0 0 1 0 0 1 0 0 0 0 0 0 0 1 0 0 
0 0 0 0 1 0 0 0 0 0 0 0 0 0 1 0 0 0 1 0 1 1 0 0 0 1 0 1 1 0 1 0 1 0 0 0 0 0 0 0 0 0 0 1 0 1 0 1 0 0 0 0 0 0 0 0 0 0 0 1 0 0 0 1 1 0 0 1 0 0 0 0 0 1 0 0 0 1 0 0 0 0 0 0 1 0 0 0 1 0 0 1 1 0 0 1 1 0 0 1 
1 0 0 0 1 0 0 0 1 1 0 0 0 1 1 0 1 1 0 0 1 0 0 0 0 1 0 1 0 1 1 0 1 0 1 1 0 0 1 0 0 1 0 0 1 0 1 0 0 0 0 0 0 0 0 1 0 0 0 0 1 0 0 1 0 0 0 1 0 0 0 0 0 0 1 0 0 1 0 0 0 1 0 0 1 1 0 0 0 1 0 0 1 0 0 0 0 0 0 1 
0 0 0 0 1 0 1 1 0 0 0 0 0 0 0 0 0 0 0 0 1 0 0 0 0 1 0 1 0 0 1 1 0 1 0 0 0 1 0 0 1 0 0 0 0 0 0 0 0 0 1 1 0 1 0 0 0 1 1 0 1 0 0 1 0 1 0 0 1 0 1 1 0 1 0 0 1 1 0 1 1 0 0 0 1 0 0 0 1 0 1 0 0 1 1 0 0 0 0 1 
0 1 0 0 0 1 0 0 0 1 0 0 0 0 0 0 0 0 1 0 0 1 0 0 0 0 1 0 0 0 1 0 0 0 0 0 0 0 0 0 0 1 0 0 1 1 0 1 1 1 0 0 1 0 0 0 1 0 0 0 1 1 0 0 0 1 1 0 0 0 0 0 0 0 0 1 1 0 0 1 0 0 0 1 0 0 0 1 1 1 0 0 0 0 1 0 1 0 0 0 
0 0 0 1 0 1 0 0 1 0 0 1 1 0 1 0 0 1 0 0 0 0 0 0 1 1 0 1 0 1 0 0 0 0 1 0 1 1 0 0 1 0 0 0 1 1 0 1 0 0 0 1 1 0 0 1 0 1 0 0 0 1 0 0 0 0 1 1 0 0 0 1 1 0 0 0 1 0 0 1 1 1 0 1 0 1 1 0 0 0 0 1 0 1 0 1 0 0 0 1 
0 0 0 0 1 0 0 0 0 0 1 0 0 1 0 0 1 0 1 0 0 1 0 0 1 1 1 0 0 0 0 0 0 0 0 0 0 0 0 1 1 0 0 0 1 0 1 0 1 0 1 0 0 1 1 0 0 1 0 0 1 0 1 0 0 0 0 0 0 0 0 0 0 1 1 1 0 1 0 0 0 1 1 0 1 1 1 1 0 1 0 0 0 0 1 1 0 1 0 1 
0 0 0 0 1 0 1 0 0 0 0 0 0 0 0 1 1 1 0 0 0 0 1 0 1 1 0 0 0 0 1 1 0 0 1 0 0 0 0 0 0 0 0 0 0 0 0 0 0 0 1 0 0 0 1 1 0 1 0 0 1 0 0 0 0 0 0 0 0 0 0 0 0 0 0 0 1 1 0 0 1 1 0 1 1 0 1 1 1 0 0 0 1 1 0 0 1 1 0 1 
0 1 0 0 0 0 0 0 0 1 0 0 0 0 0 0 1 0 0 1 0 1 0 0 0 1 0 0 1 1 1 0 0 0 0 0 0 0 0 1 0 1 0 1 0 0 1 0 1 0 1 0 0 1 1 1 1 0 0 1 0 0 0 0 1 1 0 0 0 0 0 0 1 1 0 1 1 0 0 0 0 0 0 0 1 0 0 0 0 0 1 0 1 0 0 1 0 1 0 1 
1 0 1 0 0 0 0 1 1 0 1 0 0 0 0 0 0 0 0 0 1 1 1 0 0 0 0 0 1 0 0 0 0 0 0 0 1 1 0 0 1 1 0 0 0 1 0 1 0 0 0 0 0 0 0 1 0 0 1 0 0 1 0 0 0 0 1 0 0 0 1 0 0 1 0 0 0 0 0 1 0 1 0 0 0 0 0 0 0 0 1 0 0 0 0 0 0 0 1 0 
0 0 0 0 1 0 0 1 0 0 0 1 0 0 1 0 0 1 1 0 0 1 0 1 0 0 0 1 1 0 1 0 1 0 0 0 0 0 0 1 1 1 0 0 0 1 0 0 0 0 0 0 0 1 0 0 0 1 1 0 0 0 0 0 0 1 0 0 1 0 0 0 0 0 0 0 0 0 1 0 0 0 0 0 0 0 0 1 0 0 0 0 1 1 0 0 0 1 1 1 
0 1 0 0 0 1 1 0 1 1 1 0 0 1 0 1 0 0 0 1 0 0 0 0 0 0 0 1 0 0 0 0 1 1 0 0 0 1 1 0 0 0 0 1 0 0 0 0 1 0 0 0 0 0 0 0 0 1 0 0 0 0 0 1 0 0 0 0 0 1 0 1 0 0 0 0 0 0 0 0 0 0 1 0 0 0 0 0 0 0 0 0 0 1 0 0 0 1 0 1 
0 0 0 0 0 0 0 1 0 0 1 0 0 0 1 1 0 0 0 0 0 0 0 0 0 0 1 0 0 1 0 1 0 1 1 0 0 0 1 0 1 0 0 0 0 1 0 0 0 1 0 0 0 0 0 0 0 0 1 0 1 0 0 1 1 1 0 0 0 1 0 0 1 0 0 0 0 0 0 0 1 0 0 0 0 1 0 1 0 1 0 0 0 0 0 1 1 0 0 0 
0 0 1 0 1 0 0 0 0 0 1 0 0 0 1 0 0 0 0 0 0 0 0 1 0 1 0 0 0 0 0 1 0 0 0 1 0 0 0 0 1 0 1 0 0 0 0 0 0 1 0 1 0 1 0 0 0 1 1 0 1 0 1 0 1 0 1 0 0 1 1 0 0 0 1 0 0 0 0 0 0 0 0 1 0 0 0 0 1 0 1 0 0 1 0 0 1 1 0 0 
1 0 0 0 0 0 1 0 1 1 0 0 1 0 0 0 0 0 0 0 0 0 0 0 0 0 0 0 0 0 0 1 0 0 1 0 0 0 0 1 0 1 0 0 0 0 0 1 0 0 0 0 0 0 0 0 1 1 0 0 0 1 0 1 0 0 0 0 0 0 0 1 0 0 0 0 1 0 0 0 0 0 0 0 1 1 0 0 0 1 0 1 1 1 0 0 1 0 1 1 
0 0 0 0 0 0 0 0 0 0 0 0 1 0 0 0 0 0 1 0 0 0 0 1 0 0 0 1 0 0 0 0 0 0 1 0 0 1 1 0 0 1 0 0 0 1 0 0 0 0 0 0 0 1 1 0 0 1 0 0 0 0 0 1 1 0 0 0 0 0 0 0 0 0 1 1 1 0 0 0 1 1 0 1 0 1 1 0 0 0 0 0 0 1 1 0 0 1 1 1 
0 0 0 0 0 0 0 0 0 1 1 0 1 0 0 0 0 1 1 0 0 1 1 0 1 0 1 0 0 0 0 1 1 0 1 0 0 1 0 0 0 1 0 1 0 1 0 0 0 0 0 0 0 1 1 0 0 1 1 1 0 0 0 1 0 0 0 0 0 0 0 0 0 1 0 0 0 0 0 0 1 0 0 0 0 0 0 0 1 0 0 1 0 0 0 0 0 0 1 1 
