100 40 30
84 78 88 68 109 106 97 89 96 98 87 76 91 97 101 104 80 98 85 71 95 76 91 63 85 108 94 81 106 63 69 95 78 77 96 106 91 107 88 72 
14 15 39 35 18 49 18 28 59 34 43 24 22 58 16 11 3 17 34 22 44 1 36 44 14 18 47 56 28 20 39 54 1 36 28 57 48 47 16 54 37 4 55 10 52 6 39 24 54 31 17 24 56 17 35 52 13 17 35 55 58 45 9 49 51 6 26 36 51 20 14 59 48 27 35 25 49 17 47 37 45 54 3 18 16 13 9 17 59 30 4 21 23 57 46 5 53 25 45 12 
1 0 0 0 1 1 1 0 0 1 0 0 0 1 1 1 1 1 1 1 0 1 0 0 1 1 1 1 0 1 1 0 1 0 0 1 0 0 0 0 1 1 1 1 1 0 1 1 0 1 0 1 0 1 0 0 1 0 0 0 0 1 0 1 0 0 0 0 0 1 1 0 1 0 0 0 1 1 1 1 1 1 0 0 0 1 0 0 0 0 1 1 1 1 1 1 1 1 0 0 
0 0 1 1 1 1 1 0 1 1 1 1 1 0 1 1 1 1 0 1 1 1 1 0 0 1 1 1 1 1 0 1 0 0 0 0 1 0 0 1 1 1 1 1 1 0 1 1 1 1 1 1 1 1 1 0 0 1 1 0 0 0 1 1 1 1 1 1 1 1 1 1 0 0 0 0 0 1 1 1 1 0 1 0 1 1 0 1 1 0 1 0 1 0 0 1 1 0 0 0 
1 1 0 0 0 0 1 1 1 1 1 1 1 1 0 1 1 1 1 1 1 1 0 0 1 1 0 0 0 0 0 1 0 1 0 1 0 1 0 1 1 1 1 0 1 1 1 0 1 1 1 1 1 1 1 1 0 1 1 0 1 1 0 0 1 1 0 1 0 0 0 1 1 1 1 0 1 0 0 1 1 1 1 0 1 1 1 0 1 0 0 0 0 1 1 0 0 0 1 1 
1 1 0 1 0 1 1 0 1 1 1 1 1 0 1 0 1 1 1 1 0 1 0 0 0 1 1 1 0 1 0 1 1 1 0 1 1 1 1 1 1 1 1 1 0 1 1 1 0 1 1 0 0 0 0 1 0 1 1 1 1 0 1 1 0 1 1 1 1 0 1 1 1 1 0 1 0 0 1 1 1 1 0 1 1 1 1 1 1 0 0 1 1 1 1 0 0 1 0 1 
1 0 1 1 0 1 1 1 1 0 0 0 1 1 0 0 1 0 0 1 1 1 1 0 1 0 0 1 0 0 1 1 1 0 1 0 1 1 0 0 0 0 0 0 1 0 0 0 1 0 1 1 0 0 1 1 1 1 0 1 1 1 0 0 1 0 1 0 1 1 1 0 1 0 0 1 1 1 0 1 1 1 1 0 1 0 0 1 1 1 1 1 1 1 1 0 1 0 0 1 
0 0 1 1 1 1 1 0 1 1 1 0 0 1 0 1 1 1 1 0 0 0 1 1 1 1 1 1 1 1 0 0 0 1 1 0 0 0 1 0 1 1 1 1 0 0 1 0 1 0 1 1 1 0 1 0 0 0 1 1 0 0 1 1 1 1 0 0 1 1 1 1 0 1 1 0 1 0 1 1 1 0 1 1 0 0 1 1 1 1 1 1 0 0 1 0 0 1 1 0 
1 0 1 1 1 0 1 1 1 0 0 1 0 0 0 0 1 0 0 1 1 1 1 1 0 1 0 1 1 1 0 1 0 1 1 0 1 1 1 1 1 0 1 1 1 1 0 0 1 0 0 1 0 1 1 0 0 1 0 0 1 1 1 1 1 1 1 1 1 1 0 1 1 1 1 0 0 1 1 1 0 1 1 0 0 0 1 0 0 0 1 0 0 1 0 1 0 0 1 1 
0 1 0 0 1 0 0 1 0 0 0 1 1 1 0 0 1 1 1 1 1 0 1 1 1 1 1 1 0 1 0 0 1 0 0 0 1 1 1 1 1 1 0 1 1 0 1 1 0 1 0 1 1 1 1 1 0 0 1 0 0 0 0 0 1 1 0 0 1 0 0 1 1 0 0 1 0 1 1 0 0 1 1 0 1 0 0 0 1 1 1 1 1 1 1 0 0 0 0 1 
1 1 0 1 0 1 0 1 0 0 1 1 1 1 1 1 1 1 1 0 1 1 1 1 0 1 0 0 0 1 1 0 1 1 0 0 1 1 1 1 1 0 0 1 1 0 1 1 0 1 0 1 1 0 0 1 1 1 0 0 0 1 0 0 0 1 0 1 1 1 1 1 0 1 0 1 1 1 1 1 1 1 0 0 1 1 1 1 1 1 1 1 1 0 0 1 0 1 1 1 
0 1 1 1 0 0 1 0 0 1 1 1 0 1 1 0 1 1 0 1 0 1 0 1 0 1 0 0 0 1 1 1 1 1 0 1 1 1 0 1 0 1 1 1 1 1 1 0 1 1 1 0 1 1 0 0 1 0 0 0 1 1 0 0 0 1 1 0 1 0 1 1 1 1 1 1 0 1 0 1 1 1 1 0 1 0 0 1 1 1 0 1 1 0 1 1 1 1 0 1 
0 0 1 1 1 0 1 1 1 1 1 1 0 0 1 1 1 1 0 0 0 1 1 1 1 1 0 1 1 1 1 0 1 0 0 0 0 1 1 0 1 1 0 1 1 0 0 0 1 1 1 1 0 0 0 1 1 0 1 1 1 1 1 0 0 1 0 1 1 1 1 0 1 0 1 1 1 1 1 1 1 1 1 0 1 1 0 1 0 1 1 1 1 0 1 1 0 1 1 1 
1 1 1 0 1 1 1 0 1 0 0 0 0 0 0 1 1 0 1 1 0 1 1 0 1 1 1 1 0 0 0 0 1 0 0 1 1 0 1 1 0 1 0 0 1 0 1 1 0 0 1 1 0 1 0 1 1 0 1 1 1 0 1 1 1 1 0 1 0 0 1 1 0 1 0 0 0 1 1 1 0 1 0 1 0 0 1 1 0 1 1 0 1 1 0 1 0 0 1 1 
1 1 0 1 0 1 0 1 1 1 1 0 1 1 1 1 1 1 1 0 0 1 0 0 0 1 1 1 0 1 1 1 0 1 0 1 0 0 1 1 1 1 1 1 1 1 1 0 1 1 1 0 1 0 0 1 1 1 1 0 1 1 0 1 1 1 1 1 1 0 1 1 0 0 0 0 1 1 0 1 1 0 0 1 1 0 1 1 1 1 0 1 1 0 1 1 0 1 1 1 
0 1 0 1 1 1 1 1 0 1 1 1 0 1 1 0 1 1 0 0 1 1 0 1 0 1 1 1 0 0 0 1 1 1 1 0 1 0 1 0 1 1 0 1 1 1 1 0 0 1 0 1 0 0 1 1 1 0 1 1 1 1 0 0 1 1 0 0 0 0 1 1 1 1 1 0 1 0 0 1 0 0 1 0 1 1 1 0 0 1 1 1 1 0 1 1 1 1 0 0 
1 1 0 1 1 1 1 1 1 1 1 1 1 1 0 1 1 1 1 1 1 1 0 0 1 0 1 0 1 0 1 1 0 1 0 0 1 0 1 1 1 1 0 0 1 1 1 0 0 1 1 0 0 1 1 0 0 0 0 1 1 1 1 1 1 1 1 1 0 0 1 1 1 1 0 0 1 0 0 0 0 1 0 1 0 1 1 0 1 1 1 1 1 1 1 1 1 1 0 1 
0 1 1 1 1 0 1 1 1 0 1 1 0 0 1 1 0 1 0 1 1 0 1 0 0 0 1 0 1 0 1 0 1 1 1 1 0 0 1 1 1 1 1 1 1 1 1 1 1 1 1 1 1 1 1 0 0 1 1 1 0 1 1 0 0 1 1 0 1 1 0 0 0 1 1 1 1 0 0 1 1 1 1 1 0 0 1 1 0 1 1 1 1 1 1 1 1 1 1 1 
0 0 0 1 1 1 0 1 1 1 1 1 1 1 1 1 1 1 0 1 1 1 0 0 1 0 1 1 0 0 1 0 0 0 1 0 0 1 1 1 0 1 0 0 0 1 1 1 0 1 1 1 1 1 1 0 1 1 1 0 1 1 1 0 1 1 0 0 0 1 1 0 0 0 0 1 1 1 1 0 0 0 1 1 1 1 1 1 1 1 0 1 0 0 1 0 1 1 1 1 
1 1 1 0 1 1 0 0 1 0 1 0 1 1 1 0 1 1 1 1 0 1 1 1 1 1 1 1 1 0 1 0 0 0 0 0 1 0 0 1 0 1 1 1 1 0 1 0 0 0 1 1 1 0 0 0 0 0 0 1 1 0 1 0 0 1 1 1 0 1 1 1 0 0 1 0 1 1 0 1 0 1 0 0 1 1 1 1 1 0 1 0 1 1 1 1 1 1 0 0 
1 1 0 1 1 1 0 1 0 1 1 1 1 1 1 0 0 1 1 0 1 0 0 0 0 1 0 1 0 1 1 0 0 0 1 0 1 1 0 0 1 1 0 1 0 1 1 1 0 0 1 1 1 1 0 1 1 0 1 1 1 1 1 1 1 1 1 0 1 0 1 1 1 1 1 1 1 0 1 0 1 1 0 1 0 1 1 0 0 1 1 1 0 1 1 1 0 1 1 1 
0 0 1 1 0 1 1 1 1 1 1 1 1 1 1 1 1 1 1 1 0 1 0 0 1 0 0 1 0 1 1 1 1 1 0 1 0 1 1 0 0 0 1 1 1 0 1 0 1 1 1 1 0 1 1 1 1 0 1 0 1 0 0 1 0 0 0 1 1 1 1 1 1 0 0 1 0 1 1 1 0 1 1 1 1 1 0 1 1 1 1 1 0 0 1 1 1 1 0 1 
0 1 0 1 1 1 0 1 0 1 1 0 1 1 0 1 1 1 1 1 0 0 1 1 1 1 0 0 1 0 1 1 0 0 1 1 1 1 1 1 1 1 1 1 1 0 0 0 1 0 0 0 1 1 0 1 1 0 1 0 0 1 1 1 1 1 0 1 1 1 1 1 0 0 0 1 0 1 1 0 0 1 1 0 1 1 1 0 1 1 1 1 1 0 1 1 0 0 0 0 
1 1 0 1 0 1 0 1 1 1 1 1 0 0 1 0 1 0 1 0 0 1 1 1 1 1 1 1 0 0 1 0 1 1 1 0 0 1 0 1 1 1 1 1 1 0 0 1 1 0 0 1 0 0 1 1 0 1 1 1 1 1 0 1 1 1 1 1 1 0 0 1 0 1 1 1 1 0 0 1 0 1 0 0 1 0 1 1 1 1 1 1 1 1 1 1 1 0 0 1 
1 1 0 1 1 0 1 0 1 0 0 1 1 1 0 0 0 1 0 1 1 1 0 0 1 1 1 1 1 1 0 1 1 1 0 1 0 1 1 1 0 0 0 0 0 1 1 1 0 1 1 1 1 0 1 1 1 1 0 0 1 0 1 1 1 0 1 1 1 1 0 1 1 1 0 0 1 1 1 1 1 0 1 0 1 0 1 1 1 0 1 1 1 0 1 0 1 1 1 1 
1 0 1 0 1 1 0 0 0 1 0 1 0 0 0 0 0 1 0 1 0 0 1 1 1 0 0 1 1 0 0 1 1 0 1 0 1 0 0 1 0 1 1 1 1 0 1 0 1 0 1 0 1 1 1 1 1 1 1 0 1 1 0 1 0 1 1 1 1 0 0 1 0 1 1 1 1 1 1 1 0 0 1 1 1 0 1 1 1 1 1 0 1 1 0 1 1 1 1 1 
1 0 0 1 0 1 1 0 1 0 1 1 0 0 0 1 0 0 0 0 0 1 1 1 1 1 0 0 1 0 1 1 0 1 1 1 0 0 0 1 1 1 0 1 0 1 1 1 0 1 0 1 1 1 1 1 1 0 1 1 1 0 0 1 1 0 1 1 1 0 1 1 0 1 0 0 1 1 1 1 0 1 1 1 1 1 0 0 0 1 1 0 0 0 1 1 0 1 1 1 
1 1 1 1 0 1 1 1 0 1 1 0 1 1 1 0 0 1 0 0 1 1 1 0 0 0 0 1 0 1 0 0 1 1 0 1 0 1 1 1 1 0 1 1 1 0 1 1 1 1 1 0 0 0 0 1 0 0 0 0 1 1 1 1 0 1 1 1 1 1 0 1 1 1 1 1 0 0 1 1 1 1 1 0 1 1 1 0 1 1 0 1 0 1 1 1 1 1 1 0 
1 1 1 0 0 0 0 0 0 1 1 0 0 1 1 0 1 0 0 1 1 0 0 1 1 1 1 1 1 1 0 0 0 1 0 1 1 1 1 0 0 1 0 1 0 1 1 1 1 1 0 1 0 1 0 1 1 1 0 1 1 1 0 1 1 1 1 0 1 0 0 1 0 1 1 1 1 1 1 1 1 0 0 1 1 0 0 1 1 1 0 1 1 1 1 1 1 1 0 1 
1 1 1 1 0 0 1 1 0 1 1 1 1 0 1 1 1 1 1 0 0 0 1 1 0 1 0 1 1 0 1 0 0 1 1 0 1 0 0 0 1 0 1 1 1 1 0 1 1 0 1 1 1 1 0 1 0 0 1 0 1 1 0 1 1 1 0 1 1 1 1 1 0 1 1 0 1 0 1 0 0 0 1 0 1 0 0 0 1 1 0 1 0 0 0 1 0 0 1 1 
1 1 1 0 0 0 1 1 0 1 1 1 1 1 1 1 1 0 0 1 1 0 1 1 0 0 1 1 0 1 0 1 0 1 1 1 1 1 0 1 1 1 0 0 0 1 0 1 1 1 1 1 0 1 0 1 1 0 0 1 0 1 0 1 0 1 1 1 1 1 1 0 0 1 1 1 1 1 1 1 1 1 1 0 1 0 0 0 1 1 1 1 1 1 1 1 1 0 1 1 
0 0 0 1 1 1 0 0 1 0 1 0 1 0 1 0 1 1 0 0 0 1 1 1 1 1 1 1 1 0 0 1 0 1 1 0 1 0 1 1 0 1 1 1 1 0 1 1 1 1 1 1 1 1 1 1 0 1 1 0 1 1 1 1 0 1 0 0 0 1 1 0 0 0 1 1 1 1 0 0 1 1 0 0 1 0 1 1 1 1 1 1 0 0 0 1 1 1 1 1 
1 1 1 0 0 1 1 1 1 1 0 1 0 1 1 1 0 1 0 1 1 1 1 1 1 0 0 1 0 0 1 0 1 1 1 0 0 0 1 1 0 1 0 0 1 1 0 1 1 1 1 1 1 0 1 0 0 0 0 1 0 0 1 1 0 0 1 0 0 1 1 0 1 1 1 0 1 0 1 0 1 1 1 1 1 0 1 1 1 0 1 1 0 0 1 1 0 0 1 0 
1 1 1 0 1 1 1 0 1 0 1 1 0 1 1 0 1 1 1 0 0 1 1 1 1 1 0 1 1 1 1 1 0 1 1 1 0 0 0 1 1 0 1 1 1 0 0 1 1 1 0 1 1 1 1 1 1 1 1 1 1 0 1 0 1 0 0 1 1 1 1 1 1 0 1 0 1 0 0 1 1 1 1 1 0 1 1 1 1 0 1 1 1 1 1 0 1 1 1 1 
0 0 1 0 1 1 1 1 1 0 1 0 1 0 0 1 1 0 0 1 1 1 1 0 1 1 1 1 1 1 0 1 1 1 1 1 0 1 0 1 1 1 1 1 1 1 0 0 1 0 0 1 0 0 0 1 1 1 0 1 0 0 1 0 0 1 1 0 0 0 1 1 1 1 0 0 1 0 1 0 0 0 0 1 1 1 1 0 1 1 1 1 1 0 0 1 1 1 0 0 
0 1 1 1 1 1 0 1 0 1 1 1 1 1 1 0 1 1 1 1 0 1 1 1 1 1 0 0 1 0 0 0 0 1 1 0 0 0 0 1 0 0 0 1 0 1 0 0 0 1 1 1 0 1 0 0 0 1 1 0 1 0 1 1 0 0 0 1 0 1 1 1 1 1 0 0 1 0 1 0 1 1 0 1 1 1 0 1 0 1 1 0 1 0 1 1 1 0 1 1 
1 1 0 1 0 0 1 1 0 1 0 1 1 1 0 0 1 1 1 1 0 1 0 1 0 1 1 0 1 1 0 1 1 1 1 1 1 1 0 0 1 1 0 0 0 1 0 0 1 1 0 0 0 0 1 1 0 0 1 1 1 1 1 1 1 1 1 0 0 1 1 1 1 0 1 0 0 0 1 1 0 1 1 0 0 0 1 1 0 1 1 1 0 0 0 1 1 1 1 1 
1 0 1 1 0 1 0 1 1 0 1 1 1 1 1 1 0 1 1 1 0 1 1 1 1 1 0 1 0 0 1 0 1 1 0 0 1 0 1 0 1 0 0 0 1 1 1 1 0 1 0 1 0 0 0 1 1 0 1 1 1 1 1 1 1 0 0 1 0 0 1 0 1 0 1 1 1 1 0 1 0 1 1 1 1 1 1 1 1 0 1 1 1 1 0 1 0 1 1 1 
0 1 0 0 1 0 1 0 1 1 1 1 1 1 0 1 1 0 0 1 0 1 1 0 1 0 1 1 0 0 0 0 0 1 1 1 0 1 1 1 1 1 1 1 0 0 1 1 0 1 0 1 1 1 0 1 0 1 1 1 0 0 0 0 0 1 0 1 1 0 1 0 0 1 0 1 1 1 0 1 1 1 0 1 1 0 1 1 1 1 0 1 1 1 1 0 0 1 0 1 
1 1 0 0 1 0 0 1 1 0 1 0 1 1 1 1 0 1 1 1 1 0 0 0 0 1 1 1 1 1 1 0 0 0 0 0 1 0 0 0 1 0 1 1 1 1 0 0 1 1 0 0 0 0 0 1 0 1 1 1 1 1 1 1 1 0 1 1 0 1 1 1 1 1 1 1 0 1 1 1 1 0 1 1 1 1 0 0 1 0 1 0 0 1 1 1 1 1 1 0 
0 0 1 1 0 1 1 0 1 0 0 1 0 1 1 1 0 1 0 1 1 1 0 0 1 1 1 1 0 1 1 1 0 1 1 1 1 1 0 0 1 1 0 0 1 0 0 1 1 1 1 0 1 0 1 1 0 1 1 0 1 1 1 1 1 1 0 1 1 0 0 1 1 0 1 1 0 0 1 1 1 1 0 0 0 0 0 0 1 1 0 1 1 0 0 1 1 1 0 1 
0 1 0 1 1 1 1 1 1 1 0 1 0 1 0 1 1 0 1 1 1 1 0 1 1 0 1 0 1 0 1 1 1 1 1 1 0 0 0 1 1 1 1 1 0 0 0 1 1 0 0 1 0 1 1 0 0 0 0 1 1 1 1 0 1 1 1 1 1 1 0 1 1 0 1 1 1 0 0 0 0 0 0 1 1 0 1 0 1 1 1 0 1 0 0 0 1 1 0 1 
