25 20 10
<<<<<<< Updated upstream
<<<<<<<< Updated upstream:TestInstances/BeezaoAdaptedInstances/Mean=1.0Deviation=0.33/25jobs/adapted_instance1092_m=3_n=25_l=20_c=10_s=2.txt
38 42 33 24 75 42 36 71 72 42 35 38 41 62 62 68 84 32 77 76 
========
57 42 33 38 57 46 37 85 65 44 54 45 39 83 80 66 68 33 74 58 
>>>>>>>> Stashed changes:IntanceChecker/Deviation/input_files/adapted_instance1092_m=3_n=25_l=20_c=10_s=2.txt
36 25 4 35 21 9 11 20 23 27 53 50 3 55 55 25 36 35 11 20 9 31 9 32 27 
=======
<<<<<<<< Updated upstream:IntanceChecker/Deviation/input_files/adapted_instance1344_m=4_n=25_l=20_c=10_s=2.txt
37 71 70 58 36 47 40 24 41 54 46 63 61 60 41 43 65 78 56 48 
21 7 44 13 27 47 3 31 36 6 21 20 31 9 22 54 22 44 1 7 44 36 28 3 36 
========
57 42 33 38 57 46 37 85 65 44 54 45 39 83 80 66 68 33 74 58 
36 25 4 35 21 9 11 20 23 27 53 50 3 55 55 25 36 35 11 20 9 31 9 32 27 
>>>>>>>> Stashed changes:IntanceChecker/Deviation/input_files/adapted_instance1092_m=3_n=25_l=20_c=10_s=2.txt
>>>>>>> Stashed changes
0 0 0 0 0 0 0 0 1 0 0 0 0 0 0 0 0 0 1 0 0 1 0 0 0 
0 1 0 0 0 1 0 1 0 0 0 0 0 0 0 0 0 1 0 0 0 0 0 0 0 
0 0 0 0 0 0 0 0 0 0 0 0 0 0 0 1 0 0 0 0 0 1 0 0 1 
0 0 0 0 0 0 0 1 1 0 0 0 1 0 0 0 0 0 0 1 0 0 0 0 0 
0 0 0 1 0 0 0 0 0 0 1 1 0 1 1 0 0 0 0 1 0 1 0 0 1 
0 0 1 1 1 0 0 0 1 1 0 0 0 0 0 0 0 0 0 0 0 0 0 0 0 
0 1 0 0 0 0 0 0 0 0 0 0 0 0 0 0 0 0 0 0 0 0 0 1 1 
0 1 0 0 0 0 0 0 0 0 0 0 0 0 1 0 0 0 1 0 0 0 0 1 0 
1 0 0 0 0 0 0 0 0 1 0 1 0 0 0 0 1 0 0 0 0 0 0 0 1 
0 0 1 0 0 0 1 0 0 0 0 0 0 0 0 0 1 1 0 0 0 0 0 0 0 
0 0 1 0 0 0 0 0 0 1 0 0 0 0 0 0 0 0 0 1 0 1 0 0 0 
0 1 0 0 0 0 0 0 0 0 0 0 1 0 0 0 0 1 0 0 0 1 0 0 0 
1 0 0 1 0 0 0 0 0 0 0 0 1 0 0 0 0 0 0 0 1 0 0 0 0 
0 0 0 0 1 0 1 0 0 1 0 1 0 0 0 1 0 1 1 0 0 0 0 0 0 
0 0 0 0 1 0 0 0 0 0 1 0 0 0 0 0 0 0 0 0 0 0 1 0 0 
0 0 0 0 0 0 1 0 1 0 0 0 0 1 0 0 0 0 0 0 0 0 0 0 0 
0 0 0 0 0 0 0 0 0 0 0 1 0 0 0 0 0 0 0 0 1 0 0 0 1 
0 0 0 0 1 0 0 0 0 0 0 0 0 0 0 1 0 0 0 0 0 0 0 0 0 
1 0 0 0 0 0 0 0 1 0 0 0 0 0 1 0 0 1 0 0 0 0 0 1 0 
0 0 1 0 0 1 0 0 0 0 0 1 0 0 0 0 0 0 0 0 0 0 1 1 0 
