15 15 5
36 36 68 23 60 35 73 74 69 61 75 70 47 72 26 
24 56 18 33 59 28 57 25 23 23 29 29 28 21 44 
0 0 1 0 0 1 0 0 0 0 1 0 1 0 0 
1 0 1 1 0 0 0 1 1 0 0 0 0 0 0 
0 0 0 0 0 0 1 0 1 0 0 0 0 0 0 
0 0 0 0 0 0 0 0 0 1 0 0 0 0 0 
0 0 0 1 0 0 0 0 0 0 0 0 0 0 1 
0 0 0 0 0 0 0 0 0 0 1 1 1 0 0 
0 0 0 0 0 0 1 0 0 0 1 0 0 1 0 
0 1 0 0 0 0 1 1 0 0 0 1 0 0 0 
0 0 0 0 1 0 1 0 0 0 0 0 1 0 0 
0 0 0 0 0 0 0 1 0 1 1 0 0 0 1 
1 1 0 0 0 1 0 0 0 0 0 1 0 0 0 
0 1 0 0 0 0 1 0 0 0 1 0 0 0 0 
0 0 0 0 0 0 0 0 0 1 0 0 0 0 1 
1 0 0 1 1 0 0 1 1 1 0 0 0 0 0 
1 0 0 0 0 0 0 0 0 1 0 0 0 1 0 
