25 15 10
<<<<<<< Updated upstream
<<<<<<<< Updated upstream:TestInstances/BeezaoAdaptedInstances/Mean=1.0Deviation=0.33/25jobs/adapted_instance1028_m=3_n=25_l=15_c=10_s=1.txt
65 57 62 92 47 52 37 74 39 72 48 66 38 63 40 
========
82 70 61 68 57 42 35 75 56 74 49 74 34 59 40 
>>>>>>>> Stashed changes:IntanceChecker/Deviation/input_files/adapted_instance1028_m=3_n=25_l=15_c=10_s=1.txt
18 20 27 41 25 17 57 52 43 34 47 33 30 5 5 12 14 33 29 43 10 33 11 45 36 
=======
<<<<<<<< Updated upstream:IntanceChecker/Deviation/input_files/adapted_instance790_m=2_n=25_l=15_c=10_s=0.txt
69 116 69 65 68 93 76 65 82 58 70 65 56 71 67 
9 57 40 59 45 23 58 10 1 58 39 50 10 51 52 56 9 36 56 25 28 13 52 50 24 
========
82 70 61 68 57 42 35 75 56 74 49 74 34 59 40 
18 20 27 41 25 17 57 52 43 34 47 33 30 5 5 12 14 33 29 43 10 33 11 45 36 
>>>>>>>> Stashed changes:IntanceChecker/Deviation/input_files/adapted_instance1028_m=3_n=25_l=15_c=10_s=1.txt
>>>>>>> Stashed changes
0 0 0 1 1 1 0 0 1 0 0 0 0 0 0 0 1 0 0 1 0 1 1 1 1 
1 0 0 1 0 0 0 1 0 0 1 0 0 0 0 0 0 1 0 0 0 0 0 0 1 
0 0 0 0 0 0 0 1 0 0 0 0 1 0 1 1 0 0 1 0 1 0 1 0 0 
0 0 0 0 0 1 0 1 0 0 0 0 0 1 1 0 0 0 1 0 0 1 0 1 0 
0 1 1 1 0 0 0 0 1 0 0 0 0 1 0 0 0 1 0 0 0 1 0 0 0 
1 1 0 1 1 0 0 0 0 0 0 0 0 0 1 1 1 1 0 0 1 0 0 0 0 
0 0 0 0 0 1 0 0 0 1 0 0 0 0 1 0 0 0 1 0 1 0 0 0 0 
1 0 0 0 1 0 1 0 0 0 0 0 1 0 0 0 0 0 0 1 0 0 0 1 1 
1 0 0 0 0 0 0 0 0 0 0 0 0 0 0 1 0 0 0 0 0 0 0 0 1 
1 1 0 0 0 0 1 0 0 0 0 1 0 0 0 1 1 0 0 1 0 0 0 0 0 
0 1 1 0 0 1 0 0 0 1 1 1 0 0 0 1 1 0 1 1 0 0 0 1 0 
0 0 1 0 0 0 1 0 1 1 0 0 0 0 0 0 0 0 1 0 0 0 0 0 1 
0 0 0 0 0 0 0 0 0 0 0 1 0 0 1 0 0 1 0 0 0 0 0 0 0 
0 1 0 0 1 0 1 0 0 0 1 0 0 0 0 0 0 0 0 0 1 1 0 1 0 
0 0 0 0 0 0 0 0 0 1 0 0 0 1 0 0 0 0 0 0 0 0 0 0 0 
