25 20 15
77 77 61 62 42 43 79 62 17 62 51 48 70 30 40 74 66 72 41 61 
10 38 22 9 35 13 5 40 57 40 3 14 25 10 13 23 8 29 12 1 40 1 12 42 2 
1 0 0 0 1 0 0 0 1 0 0 0 0 0 0 0 0 0 0 0 0 0 1 0 0 
1 0 0 0 0 0 1 1 1 0 0 0 0 0 0 1 1 0 1 1 0 0 1 0 0 
0 1 0 0 0 0 0 0 0 0 0 0 0 1 0 0 0 0 1 0 1 0 0 1 0 
0 1 0 1 0 0 0 0 0 0 0 0 0 0 1 0 0 0 0 0 1 0 0 0 0 
0 1 0 1 0 0 0 0 0 0 0 0 0 0 0 0 0 0 0 0 0 0 1 1 0 
1 1 0 0 1 0 0 0 0 0 1 0 0 0 0 0 0 0 1 0 0 1 1 1 0 
0 1 0 0 0 1 1 0 1 0 0 0 0 1 0 1 0 0 0 0 0 1 1 0 0 
0 0 0 0 1 1 0 0 1 0 0 0 0 0 0 0 0 0 0 0 1 0 0 0 1 
0 0 0 1 0 0 0 0 0 0 1 1 0 1 0 0 0 0 1 0 0 0 0 0 0 
0 1 0 0 1 0 0 0 0 0 0 0 0 1 1 0 1 1 0 0 0 0 0 1 1 
1 0 0 0 0 0 1 0 0 0 1 0 0 0 1 0 1 1 1 0 0 0 1 1 0 
0 0 1 0 0 0 0 0 0 0 0 0 0 0 0 0 0 0 1 1 1 0 1 0 0 
0 0 1 0 0 1 0 0 1 0 0 0 0 0 0 0 0 0 1 1 1 0 0 1 0 
0 0 0 0 0 0 0 0 0 0 0 0 1 0 0 0 1 1 0 0 0 1 1 0 1 
0 1 0 0 1 1 1 1 0 1 0 1 0 0 0 0 0 0 0 1 0 0 0 0 0 
1 1 0 0 0 1 0 0 1 0 0 0 0 1 0 0 0 0 0 0 1 0 0 0 0 
0 0 0 1 1 0 0 0 1 0 0 0 0 0 1 0 1 0 0 0 1 0 0 0 0 
0 0 1 0 1 0 0 0 1 0 1 0 0 0 0 0 1 1 0 1 0 1 0 0 0 
0 0 1 0 0 0 0 1 0 1 1 0 0 0 0 1 0 1 0 0 0 1 0 0 0 
0 0 0 1 0 1 0 0 0 1 1 0 1 0 1 0 0 0 0 1 0 0 0 0 0 
