25 15 10
70 56 55 66 57 60 48 55 60 44 48 76 52 66 66 
53 2 21 24 29 31 18 45 3 27 32 42 39 16 53 38 14 4 46 56 25 4 46 16 2 
0 0 0 0 0 0 0 0 0 0 1 1 0 0 0 1 1 0 1 1 0 0 0 1 0 
0 0 0 1 0 0 0 1 0 0 0 0 0 1 0 0 1 0 0 1 1 0 0 1 0 
0 0 0 0 0 0 0 0 0 1 0 0 0 0 0 1 0 1 0 0 1 0 0 0 0 
0 0 0 0 0 1 0 0 1 0 0 0 0 1 1 0 1 0 0 0 1 1 0 0 0 
0 0 0 0 0 0 1 1 0 1 1 0 0 0 0 0 0 0 0 0 0 0 0 0 0 
1 0 0 0 1 0 1 0 0 0 1 0 0 1 0 0 0 0 0 0 0 0 1 0 0 
0 1 1 0 0 0 0 1 0 0 1 1 0 1 0 0 0 0 1 0 0 1 1 0 0 
1 1 0 0 0 1 0 0 0 0 0 0 0 0 0 0 0 0 0 0 0 0 0 0 1 
0 0 1 0 0 0 0 0 1 0 0 0 0 0 0 0 0 0 1 0 1 0 0 0 0 
0 0 1 0 0 0 1 0 0 1 0 1 0 0 0 0 0 1 0 0 0 0 0 1 1 
0 0 1 0 1 0 1 0 0 0 0 0 0 0 0 0 0 0 1 0 1 1 0 0 0 
1 0 0 0 0 0 0 1 0 0 0 0 0 0 0 0 0 0 0 1 0 1 1 0 0 
0 0 0 0 0 0 0 0 1 0 1 0 1 0 0 0 1 0 0 0 0 0 0 0 0 
1 0 1 1 0 0 0 0 0 0 0 0 1 0 0 1 0 1 0 0 0 1 1 0 0 
0 0 0 0 1 0 0 0 0 1 0 0 0 0 1 1 0 1 0 0 0 0 0 1 0 
