25 15 10
<<<<<<< Updated upstream
<<<<<<<< Updated upstream:TestInstances/BeezaoAdaptedInstances/Mean=1.0Deviation=0.33/25jobs/adapted_instance1036_m=3_n=25_l=15_c=10_s=0.txt
63 62 66 73 57 81 98 61 41 75 71 88 66 61 1 
========
60 72 88 93 94 59 74 80 45 88 66 69 69 70 1 
>>>>>>>> Stashed changes:IntanceChecker/Deviation/input_files/adapted_instance1036_m=3_n=25_l=15_c=10_s=0.txt
38 23 15 42 22 20 57 10 31 1 32 7 8 1 7 8 5 54 57 4 46 10 56 33 32 
=======
<<<<<<<< Updated upstream:IntanceChecker/Deviation/input_files/adapted_instance810_m=2_n=25_l=15_c=10_s=2.txt
87 76 59 82 59 73 56 73 70 63 72 55 75 63 40 
52 4 40 28 49 32 15 6 32 35 54 54 24 2 47 2 53 5 54 42 11 34 20 5 41 
========
60 72 88 93 94 59 74 80 45 88 66 69 69 70 1 
38 23 15 42 22 20 57 10 31 1 32 7 8 1 7 8 5 54 57 4 46 10 56 33 32 
>>>>>>>> Stashed changes:IntanceChecker/Deviation/input_files/adapted_instance1036_m=3_n=25_l=15_c=10_s=0.txt
>>>>>>> Stashed changes
0 0 0 1 1 1 0 0 1 0 0 0 0 0 0 0 1 0 0 1 0 1 1 1 1 
1 0 0 1 0 0 0 1 0 0 1 0 0 0 0 0 0 1 0 0 0 0 0 0 1 
0 0 0 0 0 0 0 1 0 0 0 0 1 0 1 1 0 0 1 0 1 0 1 0 0 
0 0 0 0 0 1 0 1 0 0 0 0 0 1 1 0 0 0 1 0 0 1 0 1 0 
0 1 1 1 0 0 0 0 1 0 0 0 0 1 0 0 0 1 0 0 0 1 0 0 0 
1 1 0 1 1 0 0 0 0 0 0 0 0 0 1 1 1 1 0 0 1 0 0 0 0 
0 0 0 0 0 1 0 0 0 1 0 0 0 0 1 0 0 0 1 0 1 0 0 0 0 
1 0 0 0 1 0 1 0 0 0 0 0 1 0 0 0 0 0 0 1 0 0 0 1 1 
1 0 0 0 0 0 0 0 0 0 0 0 0 0 0 1 0 0 0 0 0 0 0 0 1 
1 1 0 0 0 0 1 0 0 0 0 1 0 0 0 1 1 0 0 1 0 0 0 0 0 
0 1 1 0 0 1 0 0 0 1 1 1 0 0 0 1 1 0 1 1 0 0 0 1 0 
0 0 1 0 0 0 1 0 1 1 0 0 0 0 0 0 0 0 1 0 0 0 0 0 1 
0 0 0 0 0 0 0 0 0 0 0 1 0 0 1 0 0 1 0 0 0 0 0 0 0 
0 1 0 0 1 0 1 0 0 0 1 0 0 0 0 0 0 0 0 0 1 1 0 1 0 
0 0 0 0 0 0 0 0 0 1 0 0 0 1 0 0 0 0 0 0 0 0 0 0 0 
