25 20 15
<<<<<<< Updated upstream
<<<<<<<< Updated upstream:TestInstances/BeezaoAdaptedInstances/Mean=1.0Deviation=0.33/25jobs/adapted_instance1164_m=3_n=25_l=20_c=15_s=2.txt
=======
<<<<<<<< Updated upstream:HandAdaptedSelected/25jobs/adapted_instance1164_m=3_n=25_l=20_c=15_s=2.txt
>>>>>>> Stashed changes
53 53 67 52 63 61 53 58 67 47 59 54 71 76 48 58 65 71 58 66 
========
92 37 69 52 62 49 57 84 58 49 75 71 58 53 60 70 60 76 59 71 
>>>>>>>> Stashed changes:IntanceChecker/Deviation/input_files/adapted_instance1164_m=3_n=25_l=20_c=15_s=2.txt
53 17 45 31 25 40 23 11 21 28 10 1 42 33 8 23 38 22 31 32 30 21 48 52 17 
0 0 1 1 1 1 0 0 0 0 1 1 0 0 0 0 0 0 0 0 0 0 0 1 0 
0 1 0 1 1 0 1 0 1 1 0 0 0 1 0 0 0 0 1 0 0 0 0 0 0 
0 0 0 0 1 1 0 0 0 0 0 0 0 0 0 0 0 1 1 1 0 1 0 1 0 
0 1 0 0 1 0 0 0 0 0 0 1 0 1 0 1 1 0 0 0 1 0 0 0 0 
0 0 0 0 0 0 1 0 1 1 0 1 1 0 1 0 0 1 0 0 1 1 0 1 1 
0 0 1 0 0 1 1 0 0 1 0 0 1 0 0 0 1 0 1 1 1 0 0 0 0 
0 0 0 1 0 1 1 0 0 0 1 0 1 0 0 1 0 1 1 0 1 0 0 1 0 
0 1 0 0 1 0 1 0 1 0 0 0 0 0 0 0 1 0 0 0 0 0 0 1 0 
1 1 1 1 1 0 0 0 0 1 0 1 0 0 0 0 1 0 1 0 0 0 1 0 0 
0 0 0 0 0 1 1 0 0 0 0 0 1 0 1 1 0 0 0 0 0 0 0 0 0 
0 1 1 0 1 0 0 1 0 0 0 0 1 0 0 0 0 0 1 0 1 1 1 1 0 
1 0 0 0 0 0 1 0 0 1 0 1 0 0 0 0 0 0 0 1 1 0 1 0 0 
0 0 0 1 0 0 0 0 0 0 1 1 0 0 1 0 0 0 1 1 1 0 1 1 0 
1 1 0 0 0 0 0 0 1 0 0 1 1 1 0 0 0 0 0 0 0 1 0 0 0 
0 0 1 0 0 1 1 0 0 1 1 0 0 1 0 1 0 1 0 1 0 0 0 0 0 
1 1 1 0 0 0 0 1 0 1 1 0 1 1 0 0 0 0 1 0 0 0 0 0 0 
0 1 1 1 0 0 0 0 0 0 0 0 0 0 0 1 0 0 0 0 0 0 0 0 1 
0 0 0 1 0 0 1 1 0 0 0 1 0 0 0 0 1 0 1 0 1 1 0 1 0 
1 0 1 1 0 0 0 1 0 1 1 0 1 0 0 0 0 0 0 1 0 0 1 1 0 
1 0 0 0 0 0 0 0 0 1 0 1 0 0 0 0 1 0 0 0 0 0 0 0 0 
