25 20 15
46 52 66 73 68 69 58 57 65 77 47 69 47 41 61 79 61 57 56 69 
18 55 42 51 35 46 6 7 33 50 20 30 31 36 13 47 22 39 13 28 45 21 22 31 15 
1 0 0 0 1 0 0 0 1 0 0 0 0 0 0 0 0 0 0 0 0 0 1 0 0 
1 0 0 0 0 0 1 1 1 0 0 0 0 0 0 1 1 0 1 1 0 0 1 0 0 
0 1 0 0 0 0 0 0 0 0 0 0 0 1 0 0 0 0 1 0 1 0 0 1 0 
0 1 0 1 0 0 0 0 0 0 0 0 0 0 1 0 0 0 0 0 1 0 0 0 0 
0 1 0 1 0 0 0 0 0 0 0 0 0 0 0 0 0 0 0 0 0 0 1 1 0 
1 1 0 0 1 0 0 0 0 0 1 0 0 0 0 0 0 0 1 0 0 1 1 1 0 
0 1 0 0 0 1 1 0 1 0 0 0 0 1 0 1 0 0 0 0 0 1 1 0 0 
0 0 0 0 1 1 0 0 1 0 0 0 0 0 0 0 0 0 0 0 1 0 0 0 1 
0 0 0 1 0 0 0 0 0 0 1 1 0 1 0 0 0 0 1 0 0 0 0 0 0 
0 1 0 0 1 0 0 0 0 0 0 0 0 1 1 0 1 1 0 0 0 0 0 1 1 
1 0 0 0 0 0 1 0 0 0 1 0 0 0 1 0 1 1 1 0 0 0 1 1 0 
0 0 1 0 0 0 0 0 0 0 0 0 0 0 0 0 0 0 1 1 1 0 1 0 0 
0 0 1 0 0 1 0 0 1 0 0 0 0 0 0 0 0 0 1 1 1 0 0 1 0 
0 0 0 0 0 0 0 0 0 0 0 0 1 0 0 0 1 1 0 0 0 1 1 0 1 
0 1 0 0 1 1 1 1 0 1 0 1 0 0 0 0 0 0 0 1 0 0 0 0 0 
1 1 0 0 0 1 0 0 1 0 0 0 0 1 0 0 0 0 0 0 1 0 0 0 0 
0 0 0 1 1 0 0 0 1 0 0 0 0 0 1 0 1 0 0 0 1 0 0 0 0 
0 0 1 0 1 0 0 0 1 0 1 0 0 0 0 0 1 1 0 1 0 1 0 0 0 
0 0 1 0 0 0 0 1 0 1 1 0 0 0 0 1 0 1 0 0 0 1 0 0 0 
0 0 0 1 0 1 0 0 0 1 1 0 1 0 1 0 0 0 0 1 0 0 0 0 0 
