25 20 15
86 72 80 53 66 79 58 78 50 67 63 62 60 61 59 81 81 64 58 58 
36 8 22 32 58 15 13 54 51 10 40 21 2 7 5 23 17 25 39 23 21 35 51 57 29 
1 0 0 0 1 0 0 0 1 0 0 0 0 0 0 0 0 0 0 0 0 0 1 0 0 
1 0 0 0 0 0 1 1 1 0 0 0 0 0 0 1 1 0 1 1 0 0 1 0 0 
0 1 0 0 0 0 0 0 0 0 0 0 0 1 0 0 0 0 1 0 1 0 0 1 0 
0 1 0 1 0 0 0 0 0 0 0 0 0 0 1 0 0 0 0 0 1 0 0 0 0 
0 1 0 1 0 0 0 0 0 0 0 0 0 0 0 0 0 0 0 0 0 0 1 1 0 
1 1 0 0 1 0 0 0 0 0 1 0 0 0 0 0 0 0 1 0 0 1 1 1 0 
0 1 0 0 0 1 1 0 1 0 0 0 0 1 0 1 0 0 0 0 0 1 1 0 0 
0 0 0 0 1 1 0 0 1 0 0 0 0 0 0 0 0 0 0 0 1 0 0 0 1 
0 0 0 1 0 0 0 0 0 0 1 1 0 1 0 0 0 0 1 0 0 0 0 0 0 
0 1 0 0 1 0 0 0 0 0 0 0 0 1 1 0 1 1 0 0 0 0 0 1 1 
1 0 0 0 0 0 1 0 0 0 1 0 0 0 1 0 1 1 1 0 0 0 1 1 0 
0 0 1 0 0 0 0 0 0 0 0 0 0 0 0 0 0 0 1 1 1 0 1 0 0 
0 0 1 0 0 1 0 0 1 0 0 0 0 0 0 0 0 0 1 1 1 0 0 1 0 
0 0 0 0 0 0 0 0 0 0 0 0 1 0 0 0 1 1 0 0 0 1 1 0 1 
0 1 0 0 1 1 1 1 0 1 0 1 0 0 0 0 0 0 0 1 0 0 0 0 0 
1 1 0 0 0 1 0 0 1 0 0 0 0 1 0 0 0 0 0 0 1 0 0 0 0 
0 0 0 1 1 0 0 0 1 0 0 0 0 0 1 0 1 0 0 0 1 0 0 0 0 
0 0 1 0 1 0 0 0 1 0 1 0 0 0 0 0 1 1 0 1 0 1 0 0 0 
0 0 1 0 0 0 0 1 0 1 1 0 0 0 0 1 0 1 0 0 0 1 0 0 0 
0 0 0 1 0 1 0 0 0 1 1 0 1 0 1 0 0 0 0 1 0 0 0 0 0 
