25 20 15
60 43 68 57 56 50 44 57 59 55 65 44 56 78 46 42 49 80 51 63 
8 26 12 48 45 3 18 18 18 13 45 18 57 36 30 37 24 11 25 21 17 27 42 44 52 
1 0 0 0 1 0 0 0 1 0 0 0 0 0 0 0 0 0 0 0 0 0 1 0 0 
1 0 0 0 0 0 1 1 1 0 0 0 0 0 0 1 1 0 1 1 0 0 1 0 0 
0 1 0 0 0 0 0 0 0 0 0 0 0 1 0 0 0 0 1 0 1 0 0 1 0 
0 1 0 1 0 0 0 0 0 0 0 0 0 0 1 0 0 0 0 0 1 0 0 0 0 
0 1 0 1 0 0 0 0 0 0 0 0 0 0 0 0 0 0 0 0 0 0 1 1 0 
1 1 0 0 1 0 0 0 0 0 1 0 0 0 0 0 0 0 1 0 0 1 1 1 0 
0 1 0 0 0 1 1 0 1 0 0 0 0 1 0 1 0 0 0 0 0 1 1 0 0 
0 0 0 0 1 1 0 0 1 0 0 0 0 0 0 0 0 0 0 0 1 0 0 0 1 
0 0 0 1 0 0 0 0 0 0 1 1 0 1 0 0 0 0 1 0 0 0 0 0 0 
0 1 0 0 1 0 0 0 0 0 0 0 0 1 1 0 1 1 0 0 0 0 0 1 1 
1 0 0 0 0 0 1 0 0 0 1 0 0 0 1 0 1 1 1 0 0 0 1 1 0 
0 0 1 0 0 0 0 0 0 0 0 0 0 0 0 0 0 0 1 1 1 0 1 0 0 
0 0 1 0 0 1 0 0 1 0 0 0 0 0 0 0 0 0 1 1 1 0 0 1 0 
0 0 0 0 0 0 0 0 0 0 0 0 1 0 0 0 1 1 0 0 0 1 1 0 1 
0 1 0 0 1 1 1 1 0 1 0 1 0 0 0 0 0 0 0 1 0 0 0 0 0 
1 1 0 0 0 1 0 0 1 0 0 0 0 1 0 0 0 0 0 0 1 0 0 0 0 
0 0 0 1 1 0 0 0 1 0 0 0 0 0 1 0 1 0 0 0 1 0 0 0 0 
0 0 1 0 1 0 0 0 1 0 1 0 0 0 0 0 1 1 0 1 0 1 0 0 0 
0 0 1 0 0 0 0 1 0 1 1 0 0 0 0 1 0 1 0 0 0 1 0 0 0 
0 0 0 1 0 1 0 0 0 1 1 0 1 0 1 0 0 0 0 1 0 0 0 0 0 
