25 15 10
<<<<<<< Updated upstream
<<<<<<<< Updated upstream:TestInstances/BeezaoAdaptedInstances/Mean=1.0Deviation=0.33/25jobs/adapted_instance1280_m=4_n=25_l=15_c=10_s=1.txt
58 67 62 65 108 72 68 63 66 66 62 64 77 59 50 
========
80 59 59 66 62 63 54 75 71 68 83 64 77 70 56 
>>>>>>>> Stashed changes:IntanceChecker/Deviation/input_files/adapted_instance1280_m=4_n=25_l=15_c=10_s=1.txt
57 4 13 28 57 53 55 45 3 8 34 18 42 44 42 37 2 58 38 23 6 31 57 45 4 
=======
<<<<<<<< Updated upstream:IntanceChecker/Deviation/input_files/adapted_instance808_m=2_n=25_l=15_c=10_s=0.txt
87 64 77 71 43 69 83 68 56 96 66 79 60 71 44 
52 4 40 28 49 32 15 6 32 35 54 54 24 2 47 2 53 5 54 42 11 34 20 5 41 
========
80 59 59 66 62 63 54 75 71 68 83 64 77 70 56 
57 4 13 28 57 53 55 45 3 8 34 18 42 44 42 37 2 58 38 23 6 31 57 45 4 
>>>>>>>> Stashed changes:IntanceChecker/Deviation/input_files/adapted_instance1280_m=4_n=25_l=15_c=10_s=1.txt
>>>>>>> Stashed changes
0 0 0 1 1 1 0 0 1 0 0 0 0 0 0 0 1 0 0 1 0 1 1 1 1 
1 0 0 1 0 0 0 1 0 0 1 0 0 0 0 0 0 1 0 0 0 0 0 0 1 
0 0 0 0 0 0 0 1 0 0 0 0 1 0 1 1 0 0 1 0 1 0 1 0 0 
0 0 0 0 0 1 0 1 0 0 0 0 0 1 1 0 0 0 1 0 0 1 0 1 0 
0 1 1 1 0 0 0 0 1 0 0 0 0 1 0 0 0 1 0 0 0 1 0 0 0 
1 1 0 1 1 0 0 0 0 0 0 0 0 0 1 1 1 1 0 0 1 0 0 0 0 
0 0 0 0 0 1 0 0 0 1 0 0 0 0 1 0 0 0 1 0 1 0 0 0 0 
1 0 0 0 1 0 1 0 0 0 0 0 1 0 0 0 0 0 0 1 0 0 0 1 1 
1 0 0 0 0 0 0 0 0 0 0 0 0 0 0 1 0 0 0 0 0 0 0 0 1 
1 1 0 0 0 0 1 0 0 0 0 1 0 0 0 1 1 0 0 1 0 0 0 0 0 
0 1 1 0 0 1 0 0 0 1 1 1 0 0 0 1 1 0 1 1 0 0 0 1 0 
0 0 1 0 0 0 1 0 1 1 0 0 0 0 0 0 0 0 1 0 0 0 0 0 1 
0 0 0 0 0 0 0 0 0 0 0 1 0 0 1 0 0 1 0 0 0 0 0 0 0 
0 1 0 0 1 0 1 0 0 0 1 0 0 0 0 0 0 0 0 0 1 1 0 1 0 
0 0 0 0 0 0 0 0 0 1 0 0 0 1 0 0 0 0 0 0 0 0 0 0 0 
