15 15 5
49 44 55 34 54 50 52 60 53 52 40 47 42 50 45 
28 27 42 43 28 35 46 37 34 34 18 23 38 12 38 
0 0 1 0 0 1 0 0 0 0 1 0 1 0 0 
1 0 1 1 0 0 0 1 1 0 0 0 0 0 0 
0 0 0 0 0 0 1 0 1 0 0 0 0 0 0 
0 0 0 0 0 0 0 0 0 1 0 0 0 0 0 
0 0 0 1 0 0 0 0 0 0 0 0 0 0 1 
0 0 0 0 0 0 0 0 0 0 1 1 1 0 0 
0 0 0 0 0 0 1 0 0 0 1 0 0 1 0 
0 1 0 0 0 0 1 1 0 0 0 1 0 0 0 
0 0 0 0 1 0 1 0 0 0 0 0 1 0 0 
0 0 0 0 0 0 0 1 0 1 1 0 0 0 1 
1 1 0 0 0 1 0 0 0 0 0 1 0 0 0 
0 1 0 0 0 0 1 0 0 0 1 0 0 0 0 
0 0 0 0 0 0 0 0 0 1 0 0 0 0 1 
1 0 0 1 1 0 0 1 1 1 0 0 0 0 0 
1 0 0 0 0 0 0 0 0 1 0 0 0 1 0 
