25 20 15
64 72 71 78 71 50 59 73 52 101 62 61 80 37 61 68 99 46 62 56 
8 4 17 45 50 9 22 2 36 45 40 5 24 1 59 58 29 37 42 18 24 21 3 28 17 
0 0 1 1 1 1 0 0 0 0 1 1 0 0 0 0 0 0 0 0 0 0 0 1 0 
0 1 0 1 1 0 1 0 1 1 0 0 0 1 0 0 0 0 1 0 0 0 0 0 0 
0 0 0 0 1 1 0 0 0 0 0 0 0 0 0 0 0 1 1 1 0 1 0 1 0 
0 1 0 0 1 0 0 0 0 0 0 1 0 1 0 1 1 0 0 0 1 0 0 0 0 
0 0 0 0 0 0 1 0 1 1 0 1 1 0 1 0 0 1 0 0 1 1 0 1 1 
0 0 1 0 0 1 1 0 0 1 0 0 1 0 0 0 1 0 1 1 1 0 0 0 0 
0 0 0 1 0 1 1 0 0 0 1 0 1 0 0 1 0 1 1 0 1 0 0 1 0 
0 1 0 0 1 0 1 0 1 0 0 0 0 0 0 0 1 0 0 0 0 0 0 1 0 
1 1 1 1 1 0 0 0 0 1 0 1 0 0 0 0 1 0 1 0 0 0 1 0 0 
0 0 0 0 0 1 1 0 0 0 0 0 1 0 1 1 0 0 0 0 0 0 0 0 0 
0 1 1 0 1 0 0 1 0 0 0 0 1 0 0 0 0 0 1 0 1 1 1 1 0 
1 0 0 0 0 0 1 0 0 1 0 1 0 0 0 0 0 0 0 1 1 0 1 0 0 
0 0 0 1 0 0 0 0 0 0 1 1 0 0 1 0 0 0 1 1 1 0 1 1 0 
1 1 0 0 0 0 0 0 1 0 0 1 1 1 0 0 0 0 0 0 0 1 0 0 0 
0 0 1 0 0 1 1 0 0 1 1 0 0 1 0 1 0 1 0 1 0 0 0 0 0 
1 1 1 0 0 0 0 1 0 1 1 0 1 1 0 0 0 0 1 0 0 0 0 0 0 
0 1 1 1 0 0 0 0 0 0 0 0 0 0 0 1 0 0 0 0 0 0 0 0 1 
0 0 0 1 0 0 1 1 0 0 0 1 0 0 0 0 1 0 1 0 1 1 0 1 0 
1 0 1 1 0 0 0 1 0 1 1 0 1 0 0 0 0 0 0 1 0 0 1 1 0 
1 0 0 0 0 0 0 0 0 1 0 1 0 0 0 0 1 0 0 0 0 0 0 0 0 
