25 15 10
72 57 57 85 79 69 76 73 61 49 66 75 64 61 45 
59 57 8 37 29 2 29 55 8 32 48 34 31 34 36 18 55 4 19 3 51 38 46 42 25 
0 0 0 0 0 0 0 0 0 0 1 1 0 0 0 1 1 0 1 1 0 0 0 1 0 
0 0 0 1 0 0 0 1 0 0 0 0 0 1 0 0 1 0 0 1 1 0 0 1 0 
0 0 0 0 0 0 0 0 0 1 0 0 0 0 0 1 0 1 0 0 1 0 0 0 0 
0 0 0 0 0 1 0 0 1 0 0 0 0 1 1 0 1 0 0 0 1 1 0 0 0 
0 0 0 0 0 0 1 1 0 1 1 0 0 0 0 0 0 0 0 0 0 0 0 0 0 
1 0 0 0 1 0 1 0 0 0 1 0 0 1 0 0 0 0 0 0 0 0 1 0 0 
0 1 1 0 0 0 0 1 0 0 1 1 0 1 0 0 0 0 1 0 0 1 1 0 0 
1 1 0 0 0 1 0 0 0 0 0 0 0 0 0 0 0 0 0 0 0 0 0 0 1 
0 0 1 0 0 0 0 0 1 0 0 0 0 0 0 0 0 0 1 0 1 0 0 0 0 
0 0 1 0 0 0 1 0 0 1 0 1 0 0 0 0 0 1 0 0 0 0 0 1 1 
0 0 1 0 1 0 1 0 0 0 0 0 0 0 0 0 0 0 1 0 1 1 0 0 0 
1 0 0 0 0 0 0 1 0 0 0 0 0 0 0 0 0 0 0 1 0 1 1 0 0 
0 0 0 0 0 0 0 0 1 0 1 0 1 0 0 0 1 0 0 0 0 0 0 0 0 
1 0 1 1 0 0 0 0 0 0 0 0 1 0 0 1 0 1 0 0 0 1 1 0 0 
0 0 0 0 1 0 0 0 0 1 0 0 0 0 1 1 0 1 0 0 0 0 0 1 0 
