25 20 10
<<<<<<< Updated upstream
<<<<<<<< Updated upstream:TestInstances/BeezaoAdaptedInstances/Mean=1.0Deviation=0.33/25jobs/adapted_instance1132_m=3_n=25_l=20_c=10_s=0.txt
71 61 33 67 61 60 65 60 79 27 70 58 79 47 56 29 51 73 74 18 
========
70 63 36 65 57 79 64 66 59 32 48 62 78 41 59 29 50 61 76 14 
>>>>>>>> Stashed changes:IntanceChecker/Deviation/input_files/adapted_instance1132_m=3_n=25_l=20_c=10_s=0.txt
7 9 4 20 21 54 30 7 49 14 15 14 41 23 31 43 54 24 44 14 17 37 19 2 48 
=======
<<<<<<<< Updated upstream:IntanceChecker/Deviation/input_files/adapted_instance1358_m=4_n=25_l=20_c=10_s=1.txt
38 60 60 99 68 41 65 32 65 70 71 67 61 46 72 86 73 61 52 72 
14 58 58 56 24 38 48 9 55 35 33 45 46 1 3 52 18 28 40 15 16 5 7 47 14 
========
70 63 36 65 57 79 64 66 59 32 48 62 78 41 59 29 50 61 76 14 
7 9 4 20 21 54 30 7 49 14 15 14 41 23 31 43 54 24 44 14 17 37 19 2 48 
>>>>>>>> Stashed changes:IntanceChecker/Deviation/input_files/adapted_instance1132_m=3_n=25_l=20_c=10_s=0.txt
>>>>>>> Stashed changes
0 0 0 0 0 0 0 0 0 0 1 0 0 0 1 0 1 0 0 1 0 0 1 0 0 
0 0 0 0 0 0 0 0 1 0 0 0 0 0 0 1 0 0 1 0 1 0 1 0 1 
1 0 0 0 1 0 0 1 0 0 0 0 0 0 1 0 0 0 0 1 1 0 0 1 0 
1 1 0 1 1 0 0 1 1 0 0 1 0 0 1 0 0 0 0 0 0 0 0 0 1 
0 0 1 0 1 0 0 0 0 0 1 0 0 0 0 0 0 0 1 0 0 0 0 1 0 
0 0 0 0 1 0 0 0 0 0 0 0 0 0 0 0 1 1 0 0 1 0 0 0 0 
0 0 0 0 0 0 1 0 1 0 0 0 0 0 0 0 0 0 0 1 0 0 1 0 0 
0 0 0 0 0 0 0 0 0 0 0 0 0 1 0 0 0 1 0 0 0 0 0 0 1 
0 0 1 0 0 0 0 0 1 0 0 0 0 0 0 0 0 0 0 0 0 0 0 0 0 
0 0 1 0 0 0 0 0 0 0 0 0 0 0 0 0 0 1 0 0 0 0 0 1 0 
0 1 0 0 0 0 1 1 0 0 0 0 0 0 1 1 0 0 0 0 0 1 0 0 0 
0 0 0 1 0 0 0 0 1 0 0 0 1 1 0 0 0 0 0 0 0 1 1 0 0 
0 0 0 0 0 1 0 0 0 0 0 0 0 0 0 0 0 0 0 0 0 1 0 0 0 
0 0 0 0 0 0 0 0 0 1 0 1 0 0 0 0 0 0 0 0 1 1 0 0 0 
0 0 0 1 0 1 0 1 0 0 1 0 0 0 0 0 0 0 0 0 0 0 0 0 0 
1 0 1 1 0 0 0 1 0 1 0 0 0 0 0 0 0 0 0 0 0 0 1 0 0 
0 0 1 0 0 0 0 0 0 0 0 1 1 0 0 0 0 0 0 0 0 0 0 0 1 
1 0 0 0 0 0 0 0 0 0 0 1 0 0 1 1 0 0 1 1 0 0 0 0 0 
0 0 0 0 1 0 0 0 0 0 1 1 0 0 0 0 1 0 0 0 0 1 0 1 0 
0 1 0 0 0 0 0 0 0 0 0 0 0 0 0 0 0 0 0 1 0 0 0 0 0 
