25 15 10
<<<<<<< Updated upstream
<<<<<<<< Updated upstream:TestInstances/BeezaoAdaptedInstances/Mean=1.0Deviation=0.33/25jobs/adapted_instance1052_m=3_n=25_l=15_c=10_s=1.txt
69 58 64 54 56 48 57 84 89 71 71 47 44 76 36 
========
62 64 82 44 67 47 56 63 88 61 84 45 80 81 30 
>>>>>>>> Stashed changes:IntanceChecker/Deviation/input_files/adapted_instance1052_m=3_n=25_l=15_c=10_s=1.txt
8 16 10 1 59 48 49 13 14 34 40 40 21 25 2 56 6 2 40 14 42 3 10 8 21 
=======
<<<<<<<< Updated upstream:IntanceChecker/Deviation/input_files/adapted_instance820_m=2_n=25_l=15_c=10_s=0.txt
66 62 79 77 64 60 60 51 50 42 81 79 79 90 52 
42 35 5 46 8 42 54 35 8 30 7 1 22 31 32 36 53 45 45 58 13 12 35 20 55 
========
62 64 82 44 67 47 56 63 88 61 84 45 80 81 30 
8 16 10 1 59 48 49 13 14 34 40 40 21 25 2 56 6 2 40 14 42 3 10 8 21 
>>>>>>>> Stashed changes:IntanceChecker/Deviation/input_files/adapted_instance1052_m=3_n=25_l=15_c=10_s=1.txt
>>>>>>> Stashed changes
0 0 1 1 0 0 0 1 0 1 0 0 0 0 0 1 0 0 0 0 0 1 1 0 1 
0 0 1 0 0 0 1 0 0 1 1 1 0 0 0 0 1 1 0 1 1 0 0 0 0 
0 0 0 0 0 0 0 0 0 1 0 0 1 0 0 1 0 1 0 1 0 0 0 0 0 
0 1 0 1 0 0 0 0 0 0 1 0 0 0 1 0 0 0 1 0 0 0 0 0 0 
0 1 1 0 0 1 1 0 0 0 0 1 0 0 0 0 1 0 0 1 0 0 0 0 0 
0 0 0 0 0 0 0 0 0 0 0 1 0 0 0 0 0 0 0 0 0 0 0 0 1 
1 1 0 0 0 1 0 0 0 1 0 0 0 0 0 0 0 0 0 1 0 0 0 0 0 
0 0 0 0 0 0 0 0 0 0 1 0 0 0 0 1 0 0 0 0 0 1 1 0 0 
0 0 0 0 1 1 0 1 1 0 1 0 0 0 0 0 0 1 0 0 1 0 0 0 0 
0 0 0 0 0 0 0 0 0 0 0 0 1 0 0 1 0 0 0 0 1 0 0 0 0 
1 0 0 1 1 0 1 0 0 0 0 0 1 0 0 0 0 0 0 1 0 1 1 1 0 
0 0 0 0 0 0 0 0 0 0 0 0 1 0 0 0 1 0 1 0 0 0 1 0 0 
0 0 0 0 0 0 0 0 0 0 0 0 0 1 0 0 1 0 0 0 1 1 0 0 0 
0 0 0 0 0 0 1 1 0 0 0 0 0 0 0 1 0 1 0 0 1 0 0 1 0 
1 0 0 0 0 0 0 0 1 0 0 0 0 1 1 0 0 0 0 0 0 0 1 1 0 
