25 20 10
<<<<<<< Updated upstream
<<<<<<<< Updated upstream:TestInstances/BeezaoAdaptedInstances/Mean=1.0Deviation=0.33/25jobs/adapted_instance1114_m=3_n=25_l=20_c=10_s=0.txt
48 61 49 56 63 49 80 64 61 63 61 59 66 70 59 88 72 66 71 45 
========
58 61 56 66 58 70 82 68 58 54 61 66 70 61 77 62 57 76 90 64 
>>>>>>>> Stashed changes:IntanceChecker/Deviation/input_files/adapted_instance1114_m=3_n=25_l=20_c=10_s=0.txt
29 33 51 49 8 51 55 21 48 40 23 52 15 41 42 23 38 30 55 5 46 58 7 31 46 
=======
<<<<<<<< Updated upstream:IntanceChecker/Deviation/input_files/adapted_instance1364_m=4_n=25_l=20_c=10_s=1.txt
74 71 59 53 70 70 74 45 56 64 64 57 48 37 46 52 53 83 67 50 
6 14 42 26 38 29 30 41 51 30 19 2 38 33 31 2 44 43 58 44 14 36 50 43 23 
========
58 61 56 66 58 70 82 68 58 54 61 66 70 61 77 62 57 76 90 64 
29 33 51 49 8 51 55 21 48 40 23 52 15 41 42 23 38 30 55 5 46 58 7 31 46 
>>>>>>>> Stashed changes:IntanceChecker/Deviation/input_files/adapted_instance1114_m=3_n=25_l=20_c=10_s=0.txt
>>>>>>> Stashed changes
0 0 0 0 0 0 0 0 0 0 1 0 0 0 1 0 1 0 0 1 0 0 1 0 0 
0 0 0 0 0 0 0 0 1 0 0 0 0 0 0 1 0 0 1 0 1 0 1 0 1 
1 0 0 0 1 0 0 1 0 0 0 0 0 0 1 0 0 0 0 1 1 0 0 1 0 
1 1 0 1 1 0 0 1 1 0 0 1 0 0 1 0 0 0 0 0 0 0 0 0 1 
0 0 1 0 1 0 0 0 0 0 1 0 0 0 0 0 0 0 1 0 0 0 0 1 0 
0 0 0 0 1 0 0 0 0 0 0 0 0 0 0 0 1 1 0 0 1 0 0 0 0 
0 0 0 0 0 0 1 0 1 0 0 0 0 0 0 0 0 0 0 1 0 0 1 0 0 
0 0 0 0 0 0 0 0 0 0 0 0 0 1 0 0 0 1 0 0 0 0 0 0 1 
0 0 1 0 0 0 0 0 1 0 0 0 0 0 0 0 0 0 0 0 0 0 0 0 0 
0 0 1 0 0 0 0 0 0 0 0 0 0 0 0 0 0 1 0 0 0 0 0 1 0 
0 1 0 0 0 0 1 1 0 0 0 0 0 0 1 1 0 0 0 0 0 1 0 0 0 
0 0 0 1 0 0 0 0 1 0 0 0 1 1 0 0 0 0 0 0 0 1 1 0 0 
0 0 0 0 0 1 0 0 0 0 0 0 0 0 0 0 0 0 0 0 0 1 0 0 0 
0 0 0 0 0 0 0 0 0 1 0 1 0 0 0 0 0 0 0 0 1 1 0 0 0 
0 0 0 1 0 1 0 1 0 0 1 0 0 0 0 0 0 0 0 0 0 0 0 0 0 
1 0 1 1 0 0 0 1 0 1 0 0 0 0 0 0 0 0 0 0 0 0 1 0 0 
0 0 1 0 0 0 0 0 0 0 0 1 1 0 0 0 0 0 0 0 0 0 0 0 1 
1 0 0 0 0 0 0 0 0 0 0 1 0 0 1 1 0 0 1 1 0 0 0 0 0 
0 0 0 0 1 0 0 0 0 0 1 1 0 0 0 0 1 0 0 0 0 1 0 1 0 
0 1 0 0 0 0 0 0 0 0 0 0 0 0 0 0 0 0 0 1 0 0 0 0 0 
