25 20 10
<<<<<<< Updated upstream
<<<<<<<< Updated upstream:TestInstances/BeezaoAdaptedInstances/Mean=1.0Deviation=0.33/25jobs/adapted_instance1118_m=3_n=25_l=20_c=10_s=1.txt
65 62 89 59 40 46 52 42 3 43 62 96 68 65 40 55 61 66 64 49 
========
70 63 55 70 42 44 59 42 2 38 105 66 77 71 41 67 48 54 79 48 
>>>>>>>> Stashed changes:IntanceChecker/Deviation/input_files/adapted_instance1118_m=3_n=25_l=20_c=10_s=1.txt
17 44 2 13 30 16 1 33 1 13 29 13 45 5 52 39 29 18 15 30 37 58 47 31 41 
=======
<<<<<<<< Updated upstream:IntanceChecker/Deviation/input_files/adapted_instance1366_m=4_n=25_l=20_c=10_s=0.txt
46 62 40 70 50 53 64 27 56 58 62 68 54 67 23 62 60 58 54 54 
10 45 45 21 18 6 26 2 28 37 3 53 39 9 4 50 44 18 30 13 29 53 44 22 14 
========
70 63 55 70 42 44 59 42 2 38 105 66 77 71 41 67 48 54 79 48 
17 44 2 13 30 16 1 33 1 13 29 13 45 5 52 39 29 18 15 30 37 58 47 31 41 
>>>>>>>> Stashed changes:IntanceChecker/Deviation/input_files/adapted_instance1118_m=3_n=25_l=20_c=10_s=1.txt
>>>>>>> Stashed changes
0 0 0 0 0 0 0 0 0 0 1 0 0 0 1 0 1 0 0 1 0 0 1 0 0 
0 0 0 0 0 0 0 0 1 0 0 0 0 0 0 1 0 0 1 0 1 0 1 0 1 
1 0 0 0 1 0 0 1 0 0 0 0 0 0 1 0 0 0 0 1 1 0 0 1 0 
1 1 0 1 1 0 0 1 1 0 0 1 0 0 1 0 0 0 0 0 0 0 0 0 1 
0 0 1 0 1 0 0 0 0 0 1 0 0 0 0 0 0 0 1 0 0 0 0 1 0 
0 0 0 0 1 0 0 0 0 0 0 0 0 0 0 0 1 1 0 0 1 0 0 0 0 
0 0 0 0 0 0 1 0 1 0 0 0 0 0 0 0 0 0 0 1 0 0 1 0 0 
0 0 0 0 0 0 0 0 0 0 0 0 0 1 0 0 0 1 0 0 0 0 0 0 1 
0 0 1 0 0 0 0 0 1 0 0 0 0 0 0 0 0 0 0 0 0 0 0 0 0 
0 0 1 0 0 0 0 0 0 0 0 0 0 0 0 0 0 1 0 0 0 0 0 1 0 
0 1 0 0 0 0 1 1 0 0 0 0 0 0 1 1 0 0 0 0 0 1 0 0 0 
0 0 0 1 0 0 0 0 1 0 0 0 1 1 0 0 0 0 0 0 0 1 1 0 0 
0 0 0 0 0 1 0 0 0 0 0 0 0 0 0 0 0 0 0 0 0 1 0 0 0 
0 0 0 0 0 0 0 0 0 1 0 1 0 0 0 0 0 0 0 0 1 1 0 0 0 
0 0 0 1 0 1 0 1 0 0 1 0 0 0 0 0 0 0 0 0 0 0 0 0 0 
1 0 1 1 0 0 0 1 0 1 0 0 0 0 0 0 0 0 0 0 0 0 1 0 0 
0 0 1 0 0 0 0 0 0 0 0 1 1 0 0 0 0 0 0 0 0 0 0 0 1 
1 0 0 0 0 0 0 0 0 0 0 1 0 0 1 1 0 0 1 1 0 0 0 0 0 
0 0 0 0 1 0 0 0 0 0 1 1 0 0 0 0 1 0 0 0 0 1 0 1 0 
0 1 0 0 0 0 0 0 0 0 0 0 0 0 0 0 0 0 0 1 0 0 0 0 0 
