25 20 10
<<<<<<< Updated upstream
<<<<<<<< Updated upstream:TestInstances/BeezaoAdaptedInstances/Mean=1.0Deviation=0.33/25jobs/adapted_instance1086_m=3_n=25_l=20_c=10_s=2.txt
52 74 50 58 65 80 97 83 52 79 86 73 107 74 60 57 87 25 63 76 
========
51 65 48 70 75 58 97 61 65 91 62 61 69 66 45 55 65 33 61 57 
>>>>>>>> Stashed changes:IntanceChecker/Deviation/input_files/adapted_instance1086_m=3_n=25_l=20_c=10_s=2.txt
26 57 57 11 17 49 53 18 50 11 40 46 26 5 24 23 46 23 4 19 54 42 20 24 47 
=======
<<<<<<<< Updated upstream:IntanceChecker/Deviation/input_files/adapted_instance1340_m=4_n=25_l=20_c=10_s=1.txt
29 77 62 60 63 70 72 57 52 51 49 63 72 35 66 27 51 36 70 82 
13 41 28 52 12 59 2 20 16 11 43 4 53 23 46 32 49 18 19 40 51 26 59 22 51 
========
51 65 48 70 75 58 97 61 65 91 62 61 69 66 45 55 65 33 61 57 
26 57 57 11 17 49 53 18 50 11 40 46 26 5 24 23 46 23 4 19 54 42 20 24 47 
>>>>>>>> Stashed changes:IntanceChecker/Deviation/input_files/adapted_instance1086_m=3_n=25_l=20_c=10_s=2.txt
>>>>>>> Stashed changes
0 0 0 0 0 0 0 0 1 0 0 0 0 0 0 0 0 0 1 0 0 1 0 0 0 
0 1 0 0 0 1 0 1 0 0 0 0 0 0 0 0 0 1 0 0 0 0 0 0 0 
0 0 0 0 0 0 0 0 0 0 0 0 0 0 0 1 0 0 0 0 0 1 0 0 1 
0 0 0 0 0 0 0 1 1 0 0 0 1 0 0 0 0 0 0 1 0 0 0 0 0 
0 0 0 1 0 0 0 0 0 0 1 1 0 1 1 0 0 0 0 1 0 1 0 0 1 
0 0 1 1 1 0 0 0 1 1 0 0 0 0 0 0 0 0 0 0 0 0 0 0 0 
0 1 0 0 0 0 0 0 0 0 0 0 0 0 0 0 0 0 0 0 0 0 0 1 1 
0 1 0 0 0 0 0 0 0 0 0 0 0 0 1 0 0 0 1 0 0 0 0 1 0 
1 0 0 0 0 0 0 0 0 1 0 1 0 0 0 0 1 0 0 0 0 0 0 0 1 
0 0 1 0 0 0 1 0 0 0 0 0 0 0 0 0 1 1 0 0 0 0 0 0 0 
0 0 1 0 0 0 0 0 0 1 0 0 0 0 0 0 0 0 0 1 0 1 0 0 0 
0 1 0 0 0 0 0 0 0 0 0 0 1 0 0 0 0 1 0 0 0 1 0 0 0 
1 0 0 1 0 0 0 0 0 0 0 0 1 0 0 0 0 0 0 0 1 0 0 0 0 
0 0 0 0 1 0 1 0 0 1 0 1 0 0 0 1 0 1 1 0 0 0 0 0 0 
0 0 0 0 1 0 0 0 0 0 1 0 0 0 0 0 0 0 0 0 0 0 1 0 0 
0 0 0 0 0 0 1 0 1 0 0 0 0 1 0 0 0 0 0 0 0 0 0 0 0 
0 0 0 0 0 0 0 0 0 0 0 1 0 0 0 0 0 0 0 0 1 0 0 0 1 
0 0 0 0 1 0 0 0 0 0 0 0 0 0 0 1 0 0 0 0 0 0 0 0 0 
1 0 0 0 0 0 0 0 1 0 0 0 0 0 1 0 0 1 0 0 0 0 0 1 0 
0 0 1 0 0 1 0 0 0 0 0 1 0 0 0 0 0 0 0 0 0 0 1 1 0 
