25 20 10
<<<<<<< Updated upstream
<<<<<<<< Updated upstream:TestInstances/BeezaoAdaptedInstances/Mean=1.0Deviation=0.33/25jobs/adapted_instance1134_m=3_n=25_l=20_c=10_s=2.txt
63 61 35 71 61 86 67 69 53 30 48 60 60 50 73 26 48 71 60 20 
========
54 77 33 51 65 55 60 58 61 26 43 61 78 51 80 28 80 48 76 22 
>>>>>>>> Stashed changes:IntanceChecker/Deviation/input_files/adapted_instance1134_m=3_n=25_l=20_c=10_s=2.txt
7 9 4 20 21 54 30 7 49 14 15 14 41 23 31 43 54 24 44 14 17 37 19 2 48 
=======
<<<<<<<< Updated upstream:IntanceChecker/Deviation/input_files/adapted_instance1360_m=4_n=25_l=20_c=10_s=0.txt
62 56 55 67 45 25 74 47 20 24 57 76 48 52 63 57 53 48 55 67 
1 57 4 54 9 44 21 37 15 19 19 41 50 45 20 28 3 17 36 39 11 42 51 1 9 
========
54 77 33 51 65 55 60 58 61 26 43 61 78 51 80 28 80 48 76 22 
7 9 4 20 21 54 30 7 49 14 15 14 41 23 31 43 54 24 44 14 17 37 19 2 48 
>>>>>>>> Stashed changes:IntanceChecker/Deviation/input_files/adapted_instance1134_m=3_n=25_l=20_c=10_s=2.txt
>>>>>>> Stashed changes
0 0 0 0 0 0 0 0 0 0 1 0 0 0 1 0 1 0 0 1 0 0 1 0 0 
0 0 0 0 0 0 0 0 1 0 0 0 0 0 0 1 0 0 1 0 1 0 1 0 1 
1 0 0 0 1 0 0 1 0 0 0 0 0 0 1 0 0 0 0 1 1 0 0 1 0 
1 1 0 1 1 0 0 1 1 0 0 1 0 0 1 0 0 0 0 0 0 0 0 0 1 
0 0 1 0 1 0 0 0 0 0 1 0 0 0 0 0 0 0 1 0 0 0 0 1 0 
0 0 0 0 1 0 0 0 0 0 0 0 0 0 0 0 1 1 0 0 1 0 0 0 0 
0 0 0 0 0 0 1 0 1 0 0 0 0 0 0 0 0 0 0 1 0 0 1 0 0 
0 0 0 0 0 0 0 0 0 0 0 0 0 1 0 0 0 1 0 0 0 0 0 0 1 
0 0 1 0 0 0 0 0 1 0 0 0 0 0 0 0 0 0 0 0 0 0 0 0 0 
0 0 1 0 0 0 0 0 0 0 0 0 0 0 0 0 0 1 0 0 0 0 0 1 0 
0 1 0 0 0 0 1 1 0 0 0 0 0 0 1 1 0 0 0 0 0 1 0 0 0 
0 0 0 1 0 0 0 0 1 0 0 0 1 1 0 0 0 0 0 0 0 1 1 0 0 
0 0 0 0 0 1 0 0 0 0 0 0 0 0 0 0 0 0 0 0 0 1 0 0 0 
0 0 0 0 0 0 0 0 0 1 0 1 0 0 0 0 0 0 0 0 1 1 0 0 0 
0 0 0 1 0 1 0 1 0 0 1 0 0 0 0 0 0 0 0 0 0 0 0 0 0 
1 0 1 1 0 0 0 1 0 1 0 0 0 0 0 0 0 0 0 0 0 0 1 0 0 
0 0 1 0 0 0 0 0 0 0 0 1 1 0 0 0 0 0 0 0 0 0 0 0 1 
1 0 0 0 0 0 0 0 0 0 0 1 0 0 1 1 0 0 1 1 0 0 0 0 0 
0 0 0 0 1 0 0 0 0 0 1 1 0 0 0 0 1 0 0 0 0 1 0 1 0 
0 1 0 0 0 0 0 0 0 0 0 0 0 0 0 0 0 0 0 1 0 0 0 0 0 
