25 20 10
<<<<<<< Updated upstream
<<<<<<<< Updated upstream:TestInstances/BeezaoAdaptedInstances/Mean=1.0Deviation=0.33/25jobs/adapted_instance1124_m=3_n=25_l=20_c=10_s=1.txt
87 49 78 89 79 27 42 57 26 41 61 61 29 62 77 65 74 74 92 58 
========
81 59 80 70 76 27 51 85 26 47 103 77 32 69 81 67 64 66 70 62 
>>>>>>>> Stashed changes:IntanceChecker/Deviation/input_files/adapted_instance1124_m=3_n=25_l=20_c=10_s=1.txt
8 54 4 53 11 23 42 59 21 13 53 59 40 36 38 16 9 25 8 7 16 20 16 39 45 
=======
<<<<<<<< Updated upstream:IntanceChecker/Deviation/input_files/adapted_instance1354_m=4_n=25_l=20_c=10_s=0.txt
60 63 59 62 58 77 80 25 47 51 62 67 40 33 86 77 57 81 86 62 
35 38 39 21 33 32 59 57 38 8 34 27 15 8 40 54 53 13 6 41 31 21 43 8 22 
========
81 59 80 70 76 27 51 85 26 47 103 77 32 69 81 67 64 66 70 62 
8 54 4 53 11 23 42 59 21 13 53 59 40 36 38 16 9 25 8 7 16 20 16 39 45 
>>>>>>>> Stashed changes:IntanceChecker/Deviation/input_files/adapted_instance1124_m=3_n=25_l=20_c=10_s=1.txt
>>>>>>> Stashed changes
0 0 0 0 0 0 0 0 0 0 1 0 0 0 1 0 1 0 0 1 0 0 1 0 0 
0 0 0 0 0 0 0 0 1 0 0 0 0 0 0 1 0 0 1 0 1 0 1 0 1 
1 0 0 0 1 0 0 1 0 0 0 0 0 0 1 0 0 0 0 1 1 0 0 1 0 
1 1 0 1 1 0 0 1 1 0 0 1 0 0 1 0 0 0 0 0 0 0 0 0 1 
0 0 1 0 1 0 0 0 0 0 1 0 0 0 0 0 0 0 1 0 0 0 0 1 0 
0 0 0 0 1 0 0 0 0 0 0 0 0 0 0 0 1 1 0 0 1 0 0 0 0 
0 0 0 0 0 0 1 0 1 0 0 0 0 0 0 0 0 0 0 1 0 0 1 0 0 
0 0 0 0 0 0 0 0 0 0 0 0 0 1 0 0 0 1 0 0 0 0 0 0 1 
0 0 1 0 0 0 0 0 1 0 0 0 0 0 0 0 0 0 0 0 0 0 0 0 0 
0 0 1 0 0 0 0 0 0 0 0 0 0 0 0 0 0 1 0 0 0 0 0 1 0 
0 1 0 0 0 0 1 1 0 0 0 0 0 0 1 1 0 0 0 0 0 1 0 0 0 
0 0 0 1 0 0 0 0 1 0 0 0 1 1 0 0 0 0 0 0 0 1 1 0 0 
0 0 0 0 0 1 0 0 0 0 0 0 0 0 0 0 0 0 0 0 0 1 0 0 0 
0 0 0 0 0 0 0 0 0 1 0 1 0 0 0 0 0 0 0 0 1 1 0 0 0 
0 0 0 1 0 1 0 1 0 0 1 0 0 0 0 0 0 0 0 0 0 0 0 0 0 
1 0 1 1 0 0 0 1 0 1 0 0 0 0 0 0 0 0 0 0 0 0 1 0 0 
0 0 1 0 0 0 0 0 0 0 0 1 1 0 0 0 0 0 0 0 0 0 0 0 1 
1 0 0 0 0 0 0 0 0 0 0 1 0 0 1 1 0 0 1 1 0 0 0 0 0 
0 0 0 0 1 0 0 0 0 0 1 1 0 0 0 0 1 0 0 0 0 1 0 1 0 
0 1 0 0 0 0 0 0 0 0 0 0 0 0 0 0 0 0 0 1 0 0 0 0 0 
