25 20 10
<<<<<<< Updated upstream
<<<<<<<< Updated upstream:TestInstances/BeezaoAdaptedInstances/Mean=1.0Deviation=0.33/25jobs/adapted_instance1112_m=3_n=25_l=20_c=10_s=1.txt
67 80 55 87 57 62 48 81 16 82 71 34 52 51 47 24 65 68 51 62 
========
48 67 52 66 63 68 64 64 18 83 76 43 55 50 53 16 61 86 55 86 
>>>>>>>> Stashed changes:IntanceChecker/Deviation/input_files/adapted_instance1112_m=3_n=25_l=20_c=10_s=1.txt
5 58 6 14 14 43 23 11 15 11 33 49 17 3 36 56 14 59 47 46 18 34 1 9 19 
=======
<<<<<<<< Updated upstream:IntanceChecker/Deviation/input_files/adapted_instance1352_m=4_n=25_l=20_c=10_s=1.txt
87 42 57 89 49 46 26 27 65 59 84 67 65 45 48 63 65 73 48 34 
35 32 45 26 10 27 21 40 15 20 3 35 44 25 54 28 28 12 5 2 34 35 9 38 26 
========
48 67 52 66 63 68 64 64 18 83 76 43 55 50 53 16 61 86 55 86 
5 58 6 14 14 43 23 11 15 11 33 49 17 3 36 56 14 59 47 46 18 34 1 9 19 
>>>>>>>> Stashed changes:IntanceChecker/Deviation/input_files/adapted_instance1112_m=3_n=25_l=20_c=10_s=1.txt
>>>>>>> Stashed changes
0 0 0 0 0 0 0 0 0 0 1 0 0 0 1 0 1 0 0 1 0 0 1 0 0 
0 0 0 0 0 0 0 0 1 0 0 0 0 0 0 1 0 0 1 0 1 0 1 0 1 
1 0 0 0 1 0 0 1 0 0 0 0 0 0 1 0 0 0 0 1 1 0 0 1 0 
1 1 0 1 1 0 0 1 1 0 0 1 0 0 1 0 0 0 0 0 0 0 0 0 1 
0 0 1 0 1 0 0 0 0 0 1 0 0 0 0 0 0 0 1 0 0 0 0 1 0 
0 0 0 0 1 0 0 0 0 0 0 0 0 0 0 0 1 1 0 0 1 0 0 0 0 
0 0 0 0 0 0 1 0 1 0 0 0 0 0 0 0 0 0 0 1 0 0 1 0 0 
0 0 0 0 0 0 0 0 0 0 0 0 0 1 0 0 0 1 0 0 0 0 0 0 1 
0 0 1 0 0 0 0 0 1 0 0 0 0 0 0 0 0 0 0 0 0 0 0 0 0 
0 0 1 0 0 0 0 0 0 0 0 0 0 0 0 0 0 1 0 0 0 0 0 1 0 
0 1 0 0 0 0 1 1 0 0 0 0 0 0 1 1 0 0 0 0 0 1 0 0 0 
0 0 0 1 0 0 0 0 1 0 0 0 1 1 0 0 0 0 0 0 0 1 1 0 0 
0 0 0 0 0 1 0 0 0 0 0 0 0 0 0 0 0 0 0 0 0 1 0 0 0 
0 0 0 0 0 0 0 0 0 1 0 1 0 0 0 0 0 0 0 0 1 1 0 0 0 
0 0 0 1 0 1 0 1 0 0 1 0 0 0 0 0 0 0 0 0 0 0 0 0 0 
1 0 1 1 0 0 0 1 0 1 0 0 0 0 0 0 0 0 0 0 0 0 1 0 0 
0 0 1 0 0 0 0 0 0 0 0 1 1 0 0 0 0 0 0 0 0 0 0 0 1 
1 0 0 0 0 0 0 0 0 0 0 1 0 0 1 1 0 0 1 1 0 0 0 0 0 
0 0 0 0 1 0 0 0 0 0 1 1 0 0 0 0 1 0 0 0 0 1 0 1 0 
0 1 0 0 0 0 0 0 0 0 0 0 0 0 0 0 0 0 0 1 0 0 0 0 0 
