15 15 5
75 66 49 38 45 61 79 73 35 69 60 57 41 54 43 
24 40 54 41 27 31 31 35 45 38 56 47 15 30 36 
0 0 1 0 0 1 0 0 0 0 1 0 1 0 0 
1 0 1 1 0 0 0 1 1 0 0 0 0 0 0 
0 0 0 0 0 0 1 0 1 0 0 0 0 0 0 
0 0 0 0 0 0 0 0 0 1 0 0 0 0 0 
0 0 0 1 0 0 0 0 0 0 0 0 0 0 1 
0 0 0 0 0 0 0 0 0 0 1 1 1 0 0 
0 0 0 0 0 0 1 0 0 0 1 0 0 1 0 
0 1 0 0 0 0 1 1 0 0 0 1 0 0 0 
0 0 0 0 1 0 1 0 0 0 0 0 1 0 0 
0 0 0 0 0 0 0 1 0 1 1 0 0 0 1 
1 1 0 0 0 1 0 0 0 0 0 1 0 0 0 
0 1 0 0 0 0 1 0 0 0 1 0 0 0 0 
0 0 0 0 0 0 0 0 0 1 0 0 0 0 1 
1 0 0 1 1 0 0 1 1 1 0 0 0 0 0 
1 0 0 0 0 0 0 0 0 1 0 0 0 1 0 
