50 40 30
98 94 105 101 66 77 80 85 82 99 78 100 107 92 109 99 84 89 83 92 94 85 80 99 100 78 114 82 92 97 73 70 97 73 96 89 77 67 132 135 
44 35 13 31 45 2 47 54 19 54 17 38 19 8 25 21 8 21 58 16 24 23 39 17 7 24 59 24 2 35 37 21 33 4 36 39 45 15 19 14 26 27 43 36 45 58 58 27 39 27 
1 1 0 1 0 0 0 0 0 1 1 1 1 1 1 1 1 1 1 1 1 1 1 1 1 1 1 1 0 0 1 0 1 0 1 0 1 0 1 1 1 1 1 1 0 1 1 1 1 1 
1 1 0 0 1 0 1 1 1 0 0 0 1 0 1 0 1 1 1 1 0 1 1 0 1 1 0 1 0 1 0 1 1 1 0 1 1 1 0 1 1 0 1 1 0 1 1 0 1 0 
0 1 1 0 1 0 1 1 1 0 0 1 1 0 0 0 0 1 1 1 0 1 1 1 1 1 1 0 1 1 1 0 0 0 1 1 1 1 0 0 0 1 1 0 0 0 1 0 1 0 
0 0 1 0 0 0 0 0 1 0 0 1 1 1 1 1 1 0 1 1 1 1 1 1 0 1 0 1 0 1 1 0 1 1 0 1 0 0 0 0 0 0 0 1 1 1 1 1 1 1 
1 1 1 1 0 0 1 1 0 1 1 1 1 0 1 1 1 0 1 1 1 0 1 1 1 1 1 1 0 0 1 1 0 1 1 0 1 1 1 1 0 0 1 1 0 1 1 1 1 1 
1 0 0 1 1 0 0 0 1 0 0 1 1 1 1 1 0 1 1 1 1 1 1 1 0 1 1 1 1 0 1 0 1 1 0 0 1 1 0 1 0 1 0 0 1 0 1 0 0 1 
0 1 0 0 1 0 0 1 1 1 1 0 1 1 1 1 0 1 1 0 0 1 1 0 1 0 1 1 0 1 0 1 0 1 1 1 0 1 0 0 1 1 1 0 1 1 1 1 1 0 
1 1 1 1 1 0 1 0 0 1 0 0 1 0 1 0 1 1 1 1 0 1 0 0 1 0 1 1 0 0 1 1 0 1 0 1 1 1 0 0 0 1 1 1 1 1 1 1 1 1 
0 1 1 1 1 1 0 0 1 1 0 0 1 1 1 0 0 1 1 1 0 0 0 1 0 1 0 1 0 0 0 0 1 0 0 0 1 1 1 1 0 0 1 0 0 0 0 1 1 1 
0 1 1 1 1 1 0 1 1 0 0 1 1 0 1 0 0 1 1 1 1 1 0 1 0 0 1 1 0 1 1 1 1 1 0 0 0 1 1 1 1 0 1 0 0 1 1 0 0 1 
0 1 1 1 0 0 1 0 0 1 1 1 0 1 1 0 1 1 1 1 0 0 1 1 1 1 1 1 1 0 1 1 0 1 1 0 0 1 0 0 1 1 1 0 0 1 1 1 1 1 
0 0 0 1 1 1 1 1 1 1 1 0 1 1 1 0 0 1 1 1 1 1 1 1 0 1 1 0 1 1 1 1 1 1 1 1 1 1 1 1 0 1 1 1 1 1 1 0 1 0 
0 1 1 1 1 1 1 1 1 1 1 1 1 1 0 0 1 1 0 1 0 0 1 1 1 0 0 1 1 0 1 1 1 1 1 1 1 0 1 1 0 1 0 0 1 1 1 1 1 1 
0 0 0 0 1 1 1 1 0 0 0 1 0 1 1 1 1 0 1 0 0 1 0 1 0 0 1 1 0 0 1 1 1 1 1 0 1 0 0 1 1 1 1 1 0 1 1 1 1 1 
1 1 0 0 1 0 1 1 1 1 0 1 1 0 1 0 1 0 1 1 1 1 1 1 0 1 0 0 1 0 1 0 1 1 0 1 1 1 0 0 1 0 1 0 0 1 1 1 0 0 
0 0 0 1 0 1 1 1 1 1 1 1 1 0 1 1 1 1 1 1 1 0 0 1 1 1 0 1 1 0 1 0 1 0 1 1 0 1 0 1 0 0 1 1 0 1 1 1 1 1 
1 1 0 1 1 0 0 1 1 1 0 1 1 0 1 0 1 1 1 1 0 1 1 1 0 1 1 0 1 1 0 0 1 1 1 1 1 0 1 0 0 1 1 1 1 1 1 1 1 0 
1 1 1 1 1 1 1 1 0 1 1 1 1 1 0 1 0 0 1 1 0 1 1 1 0 0 1 0 1 1 0 1 1 1 1 1 1 1 1 0 0 1 0 1 0 1 0 1 1 0 
1 1 1 1 1 0 1 1 0 1 0 0 1 0 0 0 1 1 1 1 0 1 1 1 0 0 1 1 1 1 0 0 1 0 0 0 1 0 1 1 1 1 1 1 1 0 1 1 0 1 
1 1 1 1 1 1 0 1 1 0 1 1 1 1 1 0 1 1 1 0 1 1 1 1 1 1 0 1 0 1 1 1 0 1 0 0 1 0 1 0 1 1 1 1 1 0 0 0 1 0 
1 1 0 0 0 1 0 1 1 1 1 1 0 1 0 1 0 0 1 1 1 1 0 0 1 0 1 0 1 0 1 1 0 0 1 1 1 0 1 1 1 1 1 1 1 1 1 1 1 0 
0 1 1 0 0 1 1 1 0 0 1 0 1 1 1 0 1 0 1 1 1 1 1 0 1 1 1 1 1 1 0 1 1 0 0 1 1 0 1 0 1 0 0 1 0 0 1 1 1 1 
1 1 1 0 1 1 0 1 1 1 1 0 1 1 0 1 1 1 0 0 1 1 0 1 0 1 0 0 1 1 1 1 1 1 1 0 1 0 0 1 0 1 1 1 1 1 1 1 1 0 
0 0 1 1 0 1 0 0 0 1 0 1 1 1 0 1 1 1 1 0 1 1 0 1 0 1 1 1 1 1 1 1 1 1 0 1 1 1 1 1 1 0 0 1 1 1 0 1 0 0 
1 0 0 0 1 0 1 0 0 1 1 0 1 0 0 0 1 0 1 1 1 0 1 0 0 1 1 1 0 0 1 0 1 1 0 0 0 1 1 1 0 1 1 0 1 0 1 0 0 0 
1 1 0 1 1 1 0 1 1 1 1 1 0 1 1 1 1 1 1 0 0 1 1 1 1 1 0 1 1 0 1 0 1 1 1 1 1 1 1 1 1 0 0 1 0 1 1 1 1 0 
1 1 1 1 1 0 1 1 1 1 0 1 1 1 0 0 1 1 0 1 1 1 1 1 1 1 1 1 0 1 1 1 1 1 0 1 0 0 0 1 0 0 0 1 0 1 1 1 1 1 
0 1 0 1 0 1 1 0 1 1 1 1 1 0 0 1 1 0 0 1 1 0 0 1 1 0 1 1 1 1 0 1 0 1 0 1 1 1 0 1 1 0 1 0 1 1 0 0 0 1 
0 0 1 0 1 1 1 1 1 1 1 0 0 1 0 1 0 1 0 1 0 1 1 1 1 0 1 1 1 0 1 1 1 1 1 1 1 1 1 1 1 0 1 0 1 1 0 1 1 1 
0 1 1 1 1 1 1 1 0 0 1 0 1 1 1 1 1 1 0 1 0 1 1 0 0 1 1 1 0 0 1 1 1 1 1 0 0 1 1 1 1 1 0 1 1 1 1 1 1 0 
0 0 1 1 1 0 1 1 1 1 0 1 1 0 0 0 1 0 1 1 0 1 1 0 1 1 1 0 0 0 1 0 1 0 1 1 1 0 1 0 1 1 1 1 0 1 1 0 1 0 
0 0 0 1 1 1 1 0 1 1 1 1 0 1 1 0 1 1 0 0 0 0 0 1 1 1 0 1 1 0 0 1 0 0 1 0 0 1 1 0 0 0 1 1 1 1 1 0 1 1 
1 1 1 1 1 1 1 0 0 1 0 0 0 0 1 0 1 0 0 1 0 1 0 1 0 1 1 0 0 0 0 1 1 1 1 0 0 0 0 1 0 1 1 1 1 1 1 1 0 1 
1 1 1 1 0 0 1 0 1 1 0 1 0 0 1 1 1 1 0 1 1 1 1 1 1 1 1 1 0 0 1 0 0 0 1 0 1 1 1 0 1 0 1 1 0 1 0 1 0 1 
1 1 1 0 0 1 1 1 0 1 1 1 1 1 1 0 0 1 1 1 1 0 1 0 1 1 0 1 0 1 1 1 0 1 0 1 1 0 1 1 0 1 0 1 0 0 0 1 1 0 
0 1 1 1 1 1 0 1 1 1 1 1 1 1 1 1 1 0 0 0 0 1 1 1 1 0 0 1 1 1 0 1 1 1 0 0 1 1 1 0 1 0 1 1 1 0 1 1 0 0 
1 1 1 1 1 1 1 1 1 0 0 1 1 1 1 1 1 1 1 0 1 0 1 1 1 0 0 0 1 1 1 1 1 1 1 1 0 0 0 1 1 1 1 1 0 0 0 1 0 1 
1 0 1 0 1 1 1 1 1 1 1 1 0 0 1 1 1 1 1 1 1 1 1 1 1 1 0 1 0 1 1 0 1 1 0 0 1 1 0 1 0 0 0 1 0 0 1 1 0 1 
0 1 0 1 1 0 1 0 1 1 1 0 1 0 1 1 1 1 1 1 1 1 1 1 1 1 1 1 1 1 1 1 0 1 0 1 1 1 0 0 0 0 1 1 0 1 0 0 1 1 
1 0 1 1 1 0 0 1 1 1 1 1 0 1 0 0 1 1 1 0 1 1 1 0 1 1 1 1 0 1 1 1 0 0 0 1 1 1 1 1 0 1 1 1 1 1 1 0 0 0 
