50 30 20
96 76 87 78 88 106 79 90 78 105 125 63 67 68 71 111 113 78 68 109 79 105 123 67 72 99 94 58 80 68 
4 1 38 24 40 2 7 44 26 21 6 4 31 3 2 12 50 15 51 16 13 43 57 56 57 5 10 33 24 43 42 41 31 2 5 39 52 48 18 10 2 19 30 29 9 23 36 46 26 32 
0 0 0 1 0 0 0 0 0 0 0 0 1 0 1 1 1 0 1 0 1 0 0 0 0 1 0 0 1 0 0 0 1 0 0 0 0 1 0 0 0 1 0 1 0 0 1 1 0 0 
1 1 0 0 0 0 0 1 1 1 1 1 1 1 0 1 1 0 1 0 0 0 0 0 0 0 1 1 0 0 0 1 1 0 0 0 1 0 1 1 1 0 0 0 1 0 1 0 0 0 
1 0 0 0 0 0 1 0 0 0 1 0 0 0 1 1 0 0 1 0 0 0 1 0 0 1 1 0 1 1 0 1 1 1 1 0 1 0 1 1 1 0 1 1 1 1 0 0 0 0 
1 1 0 0 0 0 0 1 0 1 0 0 0 1 0 1 0 0 1 0 0 1 0 0 1 1 0 1 0 1 0 0 0 0 1 0 0 1 1 0 0 1 1 1 0 0 0 0 0 0 
0 0 0 0 1 0 0 1 1 0 1 0 1 0 0 0 1 0 0 0 0 1 1 0 0 0 0 1 0 0 1 0 0 0 1 0 1 0 1 0 1 0 0 0 0 0 0 1 0 0 
1 0 1 1 1 0 0 0 0 1 0 0 1 0 0 1 1 1 1 0 0 0 1 1 0 0 0 0 0 0 1 1 1 0 1 0 1 0 0 0 1 1 0 1 1 0 0 0 0 0 
0 1 0 0 1 1 0 0 0 0 1 0 0 0 0 1 1 1 1 1 0 0 0 0 0 0 1 0 1 1 0 0 0 0 0 1 1 0 0 1 0 1 1 1 0 0 0 0 1 0 
0 0 0 0 1 0 1 1 0 0 1 1 0 0 0 0 1 0 1 0 0 0 0 0 1 1 0 0 0 1 1 0 1 0 0 1 1 1 1 0 1 0 1 0 0 0 0 0 1 1 
0 0 0 1 0 0 0 0 0 1 0 0 0 0 0 1 0 0 1 0 1 1 0 0 0 0 0 0 0 1 0 1 0 0 0 1 0 0 1 0 0 0 1 0 0 0 1 0 1 0 
1 1 1 0 1 0 0 1 0 0 1 1 1 0 0 0 0 0 1 1 0 0 0 0 0 0 0 0 1 1 0 0 1 0 1 1 1 0 0 1 1 1 1 0 0 1 0 1 0 1 
0 1 1 0 0 0 0 0 0 1 0 0 1 1 0 0 0 0 1 1 0 0 0 0 1 0 0 0 1 1 0 1 1 0 0 0 1 0 1 0 0 1 0 0 1 1 1 1 1 1 
0 0 0 0 0 1 1 1 0 1 0 0 1 0 1 0 0 1 0 0 1 1 1 1 1 1 0 0 0 0 1 0 1 1 0 0 0 0 0 1 1 1 0 0 1 0 1 0 0 1 
1 1 0 1 1 1 0 1 0 0 1 0 0 0 0 1 0 0 0 0 1 0 0 0 0 0 1 0 0 1 0 0 1 0 1 0 1 0 1 1 1 0 0 0 0 1 1 0 0 0 
1 0 0 1 0 0 0 1 0 1 0 1 1 0 0 0 1 1 0 0 0 1 1 1 0 0 0 1 0 0 0 1 1 0 0 0 1 0 1 1 0 1 1 1 1 0 0 0 0 1 
1 0 1 0 0 0 0 1 1 1 0 1 1 1 0 0 0 0 1 0 1 1 0 1 1 1 1 1 0 0 0 1 0 1 0 1 1 0 0 0 0 0 0 0 0 0 1 1 1 0 
0 0 0 0 0 1 1 1 1 1 1 0 0 0 0 1 1 1 0 0 0 0 1 0 0 0 0 0 1 0 1 0 1 0 0 1 1 1 0 0 1 1 0 0 0 0 0 0 0 0 
0 0 1 0 0 0 0 1 1 0 0 1 1 1 0 0 1 1 0 1 1 1 0 0 1 0 0 1 0 1 1 1 0 1 0 0 0 0 0 0 0 1 1 0 0 0 0 0 0 1 
0 0 0 0 0 0 1 0 0 0 0 0 0 1 1 0 0 0 0 1 0 1 0 0 1 0 1 0 0 0 0 0 1 0 0 1 0 0 1 0 0 1 1 0 0 0 0 0 0 1 
0 0 1 0 0 1 0 0 1 0 1 0 0 0 0 0 1 1 0 0 1 0 0 0 0 1 1 0 1 0 1 1 1 0 0 0 0 0 0 1 1 1 0 1 1 1 0 0 1 1 
1 0 0 0 0 1 0 0 0 1 1 0 1 1 1 1 1 1 0 0 0 1 0 0 1 0 0 1 0 0 1 1 0 1 1 0 1 1 0 0 0 0 1 0 1 0 1 1 0 0 
0 0 1 0 0 1 0 0 1 0 1 0 0 0 1 0 1 1 0 0 1 1 0 1 1 0 0 1 0 0 1 0 0 1 0 1 0 1 0 0 0 1 1 0 1 0 0 0 0 0 
0 1 0 0 1 0 1 1 0 0 1 0 0 1 0 1 0 0 1 1 0 0 1 0 0 0 0 1 0 0 0 0 1 1 1 0 0 0 1 1 1 0 0 1 1 1 0 0 0 0 
1 0 0 0 0 0 1 0 0 0 1 1 1 0 0 1 1 0 0 0 0 0 0 1 1 0 0 1 1 0 1 0 0 1 1 0 0 0 1 1 1 0 1 1 1 1 1 0 1 1 
0 0 1 0 0 1 0 0 1 0 0 1 0 0 0 0 1 0 0 0 0 1 0 0 0 0 0 1 1 0 0 1 0 1 1 0 0 0 0 0 1 1 0 1 1 0 0 0 0 0 
0 0 1 0 0 0 0 0 1 1 1 0 0 0 0 1 0 0 1 0 0 0 1 0 1 0 0 1 0 0 1 0 0 0 1 0 1 0 1 0 1 0 0 1 1 1 1 1 0 1 
1 0 0 0 0 1 1 0 1 1 1 0 1 0 1 0 1 0 0 1 0 0 1 1 0 0 0 0 1 0 1 0 0 0 1 0 0 1 0 1 1 1 1 0 0 0 1 0 1 0 
0 1 0 1 0 1 0 0 0 0 0 0 0 0 0 0 0 0 0 0 0 1 1 0 0 0 0 0 1 0 0 0 0 1 0 0 0 1 0 0 0 0 0 0 0 1 0 0 1 1 
1 0 1 1 1 0 1 0 0 0 0 0 0 0 1 0 0 0 0 1 0 0 0 0 0 1 0 1 0 0 1 0 0 0 0 0 1 0 0 0 1 0 0 1 1 0 0 0 1 0 
1 1 0 0 0 0 0 0 1 0 1 1 0 1 0 1 1 0 0 0 0 0 0 1 1 0 0 0 1 0 1 0 0 0 1 0 0 1 1 1 0 0 0 0 1 0 0 1 1 1 
0 0 1 1 0 1 0 0 1 1 0 0 1 0 0 0 0 0 0 0 0 0 0 1 1 0 1 1 0 0 1 1 0 0 0 0 0 0 0 0 0 0 0 0 1 0 0 0 0 0 
