50 40 30
96 95 114 93 74 95 72 100 79 88 122 113 112 95 90 111 86 108 104 62 89 90 88 89 68 86 89 69 98 78 117 113 77 70 78 72 98 77 77 74 
56 51 56 40 38 41 35 43 3 2 43 9 58 23 34 12 3 48 48 47 39 21 13 48 52 7 9 46 9 13 22 19 28 47 55 30 23 37 39 53 20 30 2 10 48 37 7 30 49 23 
1 1 0 1 0 0 0 0 0 1 1 1 1 1 1 1 1 1 1 1 1 1 1 1 1 1 1 1 0 0 1 0 1 0 1 0 1 0 1 1 1 1 1 1 0 1 1 1 1 1 
1 1 0 0 1 0 1 1 1 0 0 0 1 0 1 0 1 1 1 1 0 1 1 0 1 1 0 1 0 1 0 1 1 1 0 1 1 1 0 1 1 0 1 1 0 1 1 0 1 0 
0 1 1 0 1 0 1 1 1 0 0 1 1 0 0 0 0 1 1 1 0 1 1 1 1 1 1 0 1 1 1 0 0 0 1 1 1 1 0 0 0 1 1 0 0 0 1 0 1 0 
0 0 1 0 0 0 0 0 1 0 0 1 1 1 1 1 1 0 1 1 1 1 1 1 0 1 0 1 0 1 1 0 1 1 0 1 0 0 0 0 0 0 0 1 1 1 1 1 1 1 
1 1 1 1 0 0 1 1 0 1 1 1 1 0 1 1 1 0 1 1 1 0 1 1 1 1 1 1 0 0 1 1 0 1 1 0 1 1 1 1 0 0 1 1 0 1 1 1 1 1 
1 0 0 1 1 0 0 0 1 0 0 1 1 1 1 1 0 1 1 1 1 1 1 1 0 1 1 1 1 0 1 0 1 1 0 0 1 1 0 1 0 1 0 0 1 0 1 0 0 1 
0 1 0 0 1 0 0 1 1 1 1 0 1 1 1 1 0 1 1 0 0 1 1 0 1 0 1 1 0 1 0 1 0 1 1 1 0 1 0 0 1 1 1 0 1 1 1 1 1 0 
1 1 1 1 1 0 1 0 0 1 0 0 1 0 1 0 1 1 1 1 0 1 0 0 1 0 1 1 0 0 1 1 0 1 0 1 1 1 0 0 0 1 1 1 1 1 1 1 1 1 
0 1 1 1 1 1 0 0 1 1 0 0 1 1 1 0 0 1 1 1 0 0 0 1 0 1 0 1 0 0 0 0 1 0 0 0 1 1 1 1 0 0 1 0 0 0 0 1 1 1 
0 1 1 1 1 1 0 1 1 0 0 1 1 0 1 0 0 1 1 1 1 1 0 1 0 0 1 1 0 1 1 1 1 1 0 0 0 1 1 1 1 0 1 0 0 1 1 0 0 1 
0 1 1 1 0 0 1 0 0 1 1 1 0 1 1 0 1 1 1 1 0 0 1 1 1 1 1 1 1 0 1 1 0 1 1 0 0 1 0 0 1 1 1 0 0 1 1 1 1 1 
0 0 0 1 1 1 1 1 1 1 1 0 1 1 1 0 0 1 1 1 1 1 1 1 0 1 1 0 1 1 1 1 1 1 1 1 1 1 1 1 0 1 1 1 1 1 1 0 1 0 
0 1 1 1 1 1 1 1 1 1 1 1 1 1 0 0 1 1 0 1 0 0 1 1 1 0 0 1 1 0 1 1 1 1 1 1 1 0 1 1 0 1 0 0 1 1 1 1 1 1 
0 0 0 0 1 1 1 1 0 0 0 1 0 1 1 1 1 0 1 0 0 1 0 1 0 0 1 1 0 0 1 1 1 1 1 0 1 0 0 1 1 1 1 1 0 1 1 1 1 1 
1 1 0 0 1 0 1 1 1 1 0 1 1 0 1 0 1 0 1 1 1 1 1 1 0 1 0 0 1 0 1 0 1 1 0 1 1 1 0 0 1 0 1 0 0 1 1 1 0 0 
0 0 0 1 0 1 1 1 1 1 1 1 1 0 1 1 1 1 1 1 1 0 0 1 1 1 0 1 1 0 1 0 1 0 1 1 0 1 0 1 0 0 1 1 0 1 1 1 1 1 
1 1 0 1 1 0 0 1 1 1 0 1 1 0 1 0 1 1 1 1 0 1 1 1 0 1 1 0 1 1 0 0 1 1 1 1 1 0 1 0 0 1 1 1 1 1 1 1 1 0 
1 1 1 1 1 1 1 1 0 1 1 1 1 1 0 1 0 0 1 1 0 1 1 1 0 0 1 0 1 1 0 1 1 1 1 1 1 1 1 0 0 1 0 1 0 1 0 1 1 0 
1 1 1 1 1 0 1 1 0 1 0 0 1 0 0 0 1 1 1 1 0 1 1 1 0 0 1 1 1 1 0 0 1 0 0 0 1 0 1 1 1 1 1 1 1 0 1 1 0 1 
1 1 1 1 1 1 0 1 1 0 1 1 1 1 1 0 1 1 1 0 1 1 1 1 1 1 0 1 0 1 1 1 0 1 0 0 1 0 1 0 1 1 1 1 1 0 0 0 1 0 
1 1 0 0 0 1 0 1 1 1 1 1 0 1 0 1 0 0 1 1 1 1 0 0 1 0 1 0 1 0 1 1 0 0 1 1 1 0 1 1 1 1 1 1 1 1 1 1 1 0 
0 1 1 0 0 1 1 1 0 0 1 0 1 1 1 0 1 0 1 1 1 1 1 0 1 1 1 1 1 1 0 1 1 0 0 1 1 0 1 0 1 0 0 1 0 0 1 1 1 1 
1 1 1 0 1 1 0 1 1 1 1 0 1 1 0 1 1 1 0 0 1 1 0 1 0 1 0 0 1 1 1 1 1 1 1 0 1 0 0 1 0 1 1 1 1 1 1 1 1 0 
0 0 1 1 0 1 0 0 0 1 0 1 1 1 0 1 1 1 1 0 1 1 0 1 0 1 1 1 1 1 1 1 1 1 0 1 1 1 1 1 1 0 0 1 1 1 0 1 0 0 
1 0 0 0 1 0 1 0 0 1 1 0 1 0 0 0 1 0 1 1 1 0 1 0 0 1 1 1 0 0 1 0 1 1 0 0 0 1 1 1 0 1 1 0 1 0 1 0 0 0 
1 1 0 1 1 1 0 1 1 1 1 1 0 1 1 1 1 1 1 0 0 1 1 1 1 1 0 1 1 0 1 0 1 1 1 1 1 1 1 1 1 0 0 1 0 1 1 1 1 0 
1 1 1 1 1 0 1 1 1 1 0 1 1 1 0 0 1 1 0 1 1 1 1 1 1 1 1 1 0 1 1 1 1 1 0 1 0 0 0 1 0 0 0 1 0 1 1 1 1 1 
0 1 0 1 0 1 1 0 1 1 1 1 1 0 0 1 1 0 0 1 1 0 0 1 1 0 1 1 1 1 0 1 0 1 0 1 1 1 0 1 1 0 1 0 1 1 0 0 0 1 
0 0 1 0 1 1 1 1 1 1 1 0 0 1 0 1 0 1 0 1 0 1 1 1 1 0 1 1 1 0 1 1 1 1 1 1 1 1 1 1 1 0 1 0 1 1 0 1 1 1 
0 1 1 1 1 1 1 1 0 0 1 0 1 1 1 1 1 1 0 1 0 1 1 0 0 1 1 1 0 0 1 1 1 1 1 0 0 1 1 1 1 1 0 1 1 1 1 1 1 0 
0 0 1 1 1 0 1 1 1 1 0 1 1 0 0 0 1 0 1 1 0 1 1 0 1 1 1 0 0 0 1 0 1 0 1 1 1 0 1 0 1 1 1 1 0 1 1 0 1 0 
0 0 0 1 1 1 1 0 1 1 1 1 0 1 1 0 1 1 0 0 0 0 0 1 1 1 0 1 1 0 0 1 0 0 1 0 0 1 1 0 0 0 1 1 1 1 1 0 1 1 
1 1 1 1 1 1 1 0 0 1 0 0 0 0 1 0 1 0 0 1 0 1 0 1 0 1 1 0 0 0 0 1 1 1 1 0 0 0 0 1 0 1 1 1 1 1 1 1 0 1 
1 1 1 1 0 0 1 0 1 1 0 1 0 0 1 1 1 1 0 1 1 1 1 1 1 1 1 1 0 0 1 0 0 0 1 0 1 1 1 0 1 0 1 1 0 1 0 1 0 1 
1 1 1 0 0 1 1 1 0 1 1 1 1 1 1 0 0 1 1 1 1 0 1 0 1 1 0 1 0 1 1 1 0 1 0 1 1 0 1 1 0 1 0 1 0 0 0 1 1 0 
0 1 1 1 1 1 0 1 1 1 1 1 1 1 1 1 1 0 0 0 0 1 1 1 1 0 0 1 1 1 0 1 1 1 0 0 1 1 1 0 1 0 1 1 1 0 1 1 0 0 
1 1 1 1 1 1 1 1 1 0 0 1 1 1 1 1 1 1 1 0 1 0 1 1 1 0 0 0 1 1 1 1 1 1 1 1 0 0 0 1 1 1 1 1 0 0 0 1 0 1 
1 0 1 0 1 1 1 1 1 1 1 1 0 0 1 1 1 1 1 1 1 1 1 1 1 1 0 1 0 1 1 0 1 1 0 0 1 1 0 1 0 0 0 1 0 0 1 1 0 1 
0 1 0 1 1 0 1 0 1 1 1 0 1 0 1 1 1 1 1 1 1 1 1 1 1 1 1 1 1 1 1 1 0 1 0 1 1 1 0 0 0 0 1 1 0 1 0 0 1 1 
1 0 1 1 1 0 0 1 1 1 1 1 0 1 0 0 1 1 1 0 1 1 1 0 1 1 1 1 0 1 1 1 0 0 0 1 1 1 1 1 0 1 1 1 1 1 1 0 0 0 
