25 15 10
76 47 69 64 73 66 74 77 71 62 60 73 79 60 31 
1 48 28 38 37 9 6 15 20 22 33 13 28 27 59 47 29 41 59 53 28 2 19 49 22 
0 0 0 1 1 1 0 0 1 0 0 0 0 0 0 0 1 0 0 1 0 1 1 1 1 
1 0 0 1 0 0 0 1 0 0 1 0 0 0 0 0 0 1 0 0 0 0 0 0 1 
0 0 0 0 0 0 0 1 0 0 0 0 1 0 1 1 0 0 1 0 1 0 1 0 0 
0 0 0 0 0 1 0 1 0 0 0 0 0 1 1 0 0 0 1 0 0 1 0 1 0 
0 1 1 1 0 0 0 0 1 0 0 0 0 1 0 0 0 1 0 0 0 1 0 0 0 
1 1 0 1 1 0 0 0 0 0 0 0 0 0 1 1 1 1 0 0 1 0 0 0 0 
0 0 0 0 0 1 0 0 0 1 0 0 0 0 1 0 0 0 1 0 1 0 0 0 0 
1 0 0 0 1 0 1 0 0 0 0 0 1 0 0 0 0 0 0 1 0 0 0 1 1 
1 0 0 0 0 0 0 0 0 0 0 0 0 0 0 1 0 0 0 0 0 0 0 0 1 
1 1 0 0 0 0 1 0 0 0 0 1 0 0 0 1 1 0 0 1 0 0 0 0 0 
0 1 1 0 0 1 0 0 0 1 1 1 0 0 0 1 1 0 1 1 0 0 0 1 0 
0 0 1 0 0 0 1 0 1 1 0 0 0 0 0 0 0 0 1 0 0 0 0 0 1 
0 0 0 0 0 0 0 0 0 0 0 1 0 0 1 0 0 1 0 0 0 0 0 0 0 
0 1 0 0 1 0 1 0 0 0 1 0 0 0 0 0 0 0 0 0 1 1 0 1 0 
0 0 0 0 0 0 0 0 0 1 0 0 0 1 0 0 0 0 0 0 0 0 0 0 0 
