25 20 15
64 53 63 70 47 52 57 68 64 53 68 75 69 109 58 54 56 71 64 57 
53 15 13 10 50 12 21 12 4 8 50 43 31 46 46 29 31 39 52 35 23 26 44 26 37 
0 0 1 1 1 1 0 0 0 0 1 1 0 0 0 0 0 0 0 0 0 0 0 1 0 
0 1 0 1 1 0 1 0 1 1 0 0 0 1 0 0 0 0 1 0 0 0 0 0 0 
0 0 0 0 1 1 0 0 0 0 0 0 0 0 0 0 0 1 1 1 0 1 0 1 0 
0 1 0 0 1 0 0 0 0 0 0 1 0 1 0 1 1 0 0 0 1 0 0 0 0 
0 0 0 0 0 0 1 0 1 1 0 1 1 0 1 0 0 1 0 0 1 1 0 1 1 
0 0 1 0 0 1 1 0 0 1 0 0 1 0 0 0 1 0 1 1 1 0 0 0 0 
0 0 0 1 0 1 1 0 0 0 1 0 1 0 0 1 0 1 1 0 1 0 0 1 0 
0 1 0 0 1 0 1 0 1 0 0 0 0 0 0 0 1 0 0 0 0 0 0 1 0 
1 1 1 1 1 0 0 0 0 1 0 1 0 0 0 0 1 0 1 0 0 0 1 0 0 
0 0 0 0 0 1 1 0 0 0 0 0 1 0 1 1 0 0 0 0 0 0 0 0 0 
0 1 1 0 1 0 0 1 0 0 0 0 1 0 0 0 0 0 1 0 1 1 1 1 0 
1 0 0 0 0 0 1 0 0 1 0 1 0 0 0 0 0 0 0 1 1 0 1 0 0 
0 0 0 1 0 0 0 0 0 0 1 1 0 0 1 0 0 0 1 1 1 0 1 1 0 
1 1 0 0 0 0 0 0 1 0 0 1 1 1 0 0 0 0 0 0 0 1 0 0 0 
0 0 1 0 0 1 1 0 0 1 1 0 0 1 0 1 0 1 0 1 0 0 0 0 0 
1 1 1 0 0 0 0 1 0 1 1 0 1 1 0 0 0 0 1 0 0 0 0 0 0 
0 1 1 1 0 0 0 0 0 0 0 0 0 0 0 1 0 0 0 0 0 0 0 0 1 
0 0 0 1 0 0 1 1 0 0 0 1 0 0 0 0 1 0 1 0 1 1 0 1 0 
1 0 1 1 0 0 0 1 0 1 1 0 1 0 0 0 0 0 0 1 0 0 1 1 0 
1 0 0 0 0 0 0 0 0 1 0 1 0 0 0 0 1 0 0 0 0 0 0 0 0 
