25 20 15
67 63 69 87 67 87 67 66 69 74 62 63 84 57 95 65 60 72 58 65 
41 42 3 18 33 2 59 9 19 57 53 16 4 57 59 15 45 26 29 53 55 39 25 52 56 
0 0 1 1 1 1 0 0 0 0 1 1 0 0 0 0 0 0 0 0 0 0 0 1 0 
0 1 0 1 1 0 1 0 1 1 0 0 0 1 0 0 0 0 1 0 0 0 0 0 0 
0 0 0 0 1 1 0 0 0 0 0 0 0 0 0 0 0 1 1 1 0 1 0 1 0 
0 1 0 0 1 0 0 0 0 0 0 1 0 1 0 1 1 0 0 0 1 0 0 0 0 
0 0 0 0 0 0 1 0 1 1 0 1 1 0 1 0 0 1 0 0 1 1 0 1 1 
0 0 1 0 0 1 1 0 0 1 0 0 1 0 0 0 1 0 1 1 1 0 0 0 0 
0 0 0 1 0 1 1 0 0 0 1 0 1 0 0 1 0 1 1 0 1 0 0 1 0 
0 1 0 0 1 0 1 0 1 0 0 0 0 0 0 0 1 0 0 0 0 0 0 1 0 
1 1 1 1 1 0 0 0 0 1 0 1 0 0 0 0 1 0 1 0 0 0 1 0 0 
0 0 0 0 0 1 1 0 0 0 0 0 1 0 1 1 0 0 0 0 0 0 0 0 0 
0 1 1 0 1 0 0 1 0 0 0 0 1 0 0 0 0 0 1 0 1 1 1 1 0 
1 0 0 0 0 0 1 0 0 1 0 1 0 0 0 0 0 0 0 1 1 0 1 0 0 
0 0 0 1 0 0 0 0 0 0 1 1 0 0 1 0 0 0 1 1 1 0 1 1 0 
1 1 0 0 0 0 0 0 1 0 0 1 1 1 0 0 0 0 0 0 0 1 0 0 0 
0 0 1 0 0 1 1 0 0 1 1 0 0 1 0 1 0 1 0 1 0 0 0 0 0 
1 1 1 0 0 0 0 1 0 1 1 0 1 1 0 0 0 0 1 0 0 0 0 0 0 
0 1 1 1 0 0 0 0 0 0 0 0 0 0 0 1 0 0 0 0 0 0 0 0 1 
0 0 0 1 0 0 1 1 0 0 0 1 0 0 0 0 1 0 1 0 1 1 0 1 0 
1 0 1 1 0 0 0 1 0 1 1 0 1 0 0 0 0 0 0 1 0 0 1 1 0 
1 0 0 0 0 0 0 0 0 1 0 1 0 0 0 0 1 0 0 0 0 0 0 0 0 
