25 15 10
75 66 91 64 78 59 68 90 62 67 64 66 58 80 97 
59 49 24 59 53 38 58 53 16 6 59 59 44 31 1 25 14 39 51 6 54 49 15 23 58 
0 0 0 0 0 0 0 0 1 0 0 1 0 1 0 0 0 0 0 0 0 0 0 0 0 
0 0 1 0 0 0 1 0 0 1 0 0 0 1 1 0 0 0 0 0 0 1 1 0 0 
0 0 0 0 0 0 1 0 0 0 0 0 0 0 0 0 0 0 1 0 1 1 1 0 0 
0 0 0 1 0 0 0 1 1 0 1 0 0 0 1 1 1 0 0 0 1 0 0 0 0 
1 1 0 0 0 0 0 0 0 0 0 0 0 0 1 0 0 0 0 0 0 1 0 0 0 
0 0 0 0 0 0 0 0 0 0 0 1 1 0 0 0 1 0 0 0 0 0 1 0 0 
0 0 1 1 0 0 0 0 0 0 0 0 0 0 1 0 0 0 0 1 0 0 0 0 0 
0 1 0 1 1 0 1 1 0 0 0 0 1 0 0 0 0 0 0 0 0 0 0 1 0 
0 0 0 0 1 1 0 0 1 0 0 0 0 0 0 0 0 0 0 1 0 0 0 1 0 
0 0 1 1 1 0 0 0 0 0 1 0 0 0 0 0 0 1 0 0 0 0 0 0 0 
0 0 0 0 0 0 0 1 1 0 0 0 0 0 0 1 0 1 0 0 1 0 0 1 1 
0 0 0 0 0 1 0 0 0 0 1 1 0 0 0 0 0 0 0 0 0 0 1 0 0 
0 0 0 0 0 0 0 0 0 0 0 0 0 0 0 1 1 0 1 0 0 1 0 0 0 
0 0 0 1 0 0 0 0 0 1 0 0 0 0 0 0 0 0 1 0 0 0 0 0 1 
1 0 1 0 1 0 1 0 0 1 0 1 0 0 0 0 0 0 1 0 0 0 0 1 0 
