25 15 10
60 99 51 51 89 40 46 63 48 68 77 118 87 81 81 
31 31 59 19 24 32 32 11 46 45 47 30 4 15 15 46 57 9 25 4 23 58 24 57 28 
0 0 1 1 0 0 0 1 0 1 0 0 0 0 0 1 0 0 0 0 0 1 1 0 1 
0 0 1 0 0 0 1 0 0 1 1 1 0 0 0 0 1 1 0 1 1 0 0 0 0 
0 0 0 0 0 0 0 0 0 1 0 0 1 0 0 1 0 1 0 1 0 0 0 0 0 
0 1 0 1 0 0 0 0 0 0 1 0 0 0 1 0 0 0 1 0 0 0 0 0 0 
0 1 1 0 0 1 1 0 0 0 0 1 0 0 0 0 1 0 0 1 0 0 0 0 0 
0 0 0 0 0 0 0 0 0 0 0 1 0 0 0 0 0 0 0 0 0 0 0 0 1 
1 1 0 0 0 1 0 0 0 1 0 0 0 0 0 0 0 0 0 1 0 0 0 0 0 
0 0 0 0 0 0 0 0 0 0 1 0 0 0 0 1 0 0 0 0 0 1 1 0 0 
0 0 0 0 1 1 0 1 1 0 1 0 0 0 0 0 0 1 0 0 1 0 0 0 0 
0 0 0 0 0 0 0 0 0 0 0 0 1 0 0 1 0 0 0 0 1 0 0 0 0 
1 0 0 1 1 0 1 0 0 0 0 0 1 0 0 0 0 0 0 1 0 1 1 1 0 
0 0 0 0 0 0 0 0 0 0 0 0 1 0 0 0 1 0 1 0 0 0 1 0 0 
0 0 0 0 0 0 0 0 0 0 0 0 0 1 0 0 1 0 0 0 1 1 0 0 0 
0 0 0 0 0 0 1 1 0 0 0 0 0 0 0 1 0 1 0 0 1 0 0 1 0 
1 0 0 0 0 0 0 0 1 0 0 0 0 1 1 0 0 0 0 0 0 0 1 1 0 
