25 15 10
86 59 66 65 60 61 70 59 79 90 89 88 73 69 48 
57 4 13 28 57 53 55 45 3 8 34 18 42 44 42 37 2 58 38 23 6 31 57 45 4 
0 0 0 1 1 1 0 0 1 0 0 0 0 0 0 0 1 0 0 1 0 1 1 1 1 
1 0 0 1 0 0 0 1 0 0 1 0 0 0 0 0 0 1 0 0 0 0 0 0 1 
0 0 0 0 0 0 0 1 0 0 0 0 1 0 1 1 0 0 1 0 1 0 1 0 0 
0 0 0 0 0 1 0 1 0 0 0 0 0 1 1 0 0 0 1 0 0 1 0 1 0 
0 1 1 1 0 0 0 0 1 0 0 0 0 1 0 0 0 1 0 0 0 1 0 0 0 
1 1 0 1 1 0 0 0 0 0 0 0 0 0 1 1 1 1 0 0 1 0 0 0 0 
0 0 0 0 0 1 0 0 0 1 0 0 0 0 1 0 0 0 1 0 1 0 0 0 0 
1 0 0 0 1 0 1 0 0 0 0 0 1 0 0 0 0 0 0 1 0 0 0 1 1 
1 0 0 0 0 0 0 0 0 0 0 0 0 0 0 1 0 0 0 0 0 0 0 0 1 
1 1 0 0 0 0 1 0 0 0 0 1 0 0 0 1 1 0 0 1 0 0 0 0 0 
0 1 1 0 0 1 0 0 0 1 1 1 0 0 0 1 1 0 1 1 0 0 0 1 0 
0 0 1 0 0 0 1 0 1 1 0 0 0 0 0 0 0 0 1 0 0 0 0 0 1 
0 0 0 0 0 0 0 0 0 0 0 1 0 0 1 0 0 1 0 0 0 0 0 0 0 
0 1 0 0 1 0 1 0 0 0 1 0 0 0 0 0 0 0 0 0 1 1 0 1 0 
0 0 0 0 0 0 0 0 0 1 0 0 0 1 0 0 0 0 0 0 0 0 0 0 0 
