25 15 10
69 67 84 67 78 81 50 90 68 89 65 66 61 64 63 
42 47 38 20 42 30 55 25 2 23 2 30 51 59 35 54 10 53 40 21 5 7 35 42 42 
0 0 0 1 1 1 0 0 1 0 0 0 0 0 0 0 1 0 0 1 0 1 1 1 1 
1 0 0 1 0 0 0 1 0 0 1 0 0 0 0 0 0 1 0 0 0 0 0 0 1 
0 0 0 0 0 0 0 1 0 0 0 0 1 0 1 1 0 0 1 0 1 0 1 0 0 
0 0 0 0 0 1 0 1 0 0 0 0 0 1 1 0 0 0 1 0 0 1 0 1 0 
0 1 1 1 0 0 0 0 1 0 0 0 0 1 0 0 0 1 0 0 0 1 0 0 0 
1 1 0 1 1 0 0 0 0 0 0 0 0 0 1 1 1 1 0 0 1 0 0 0 0 
0 0 0 0 0 1 0 0 0 1 0 0 0 0 1 0 0 0 1 0 1 0 0 0 0 
1 0 0 0 1 0 1 0 0 0 0 0 1 0 0 0 0 0 0 1 0 0 0 1 1 
1 0 0 0 0 0 0 0 0 0 0 0 0 0 0 1 0 0 0 0 0 0 0 0 1 
1 1 0 0 0 0 1 0 0 0 0 1 0 0 0 1 1 0 0 1 0 0 0 0 0 
0 1 1 0 0 1 0 0 0 1 1 1 0 0 0 1 1 0 1 1 0 0 0 1 0 
0 0 1 0 0 0 1 0 1 1 0 0 0 0 0 0 0 0 1 0 0 0 0 0 1 
0 0 0 0 0 0 0 0 0 0 0 1 0 0 1 0 0 1 0 0 0 0 0 0 0 
0 1 0 0 1 0 1 0 0 0 1 0 0 0 0 0 0 0 0 0 1 1 0 1 0 
0 0 0 0 0 0 0 0 0 1 0 0 0 1 0 0 0 0 0 0 0 0 0 0 0 
