100 30 20
105 105 93 121 103 73 59 62 88 101 68 90 87 98 72 64 113 96 74 92 112 95 77 109 84 76 107 95 102 63 
30 39 11 26 48 38 22 1 35 49 35 37 14 36 20 35 34 2 2 39 20 2 8 29 2 58 36 32 34 15 54 24 44 46 51 5 16 57 53 59 26 44 19 38 4 12 7 48 44 7 31 9 56 24 10 27 27 25 10 38 3 37 25 32 20 24 15 29 13 7 52 51 31 1 58 26 7 26 21 8 16 47 40 16 30 35 41 19 30 11 46 16 6 30 45 47 53 9 54 18 
1 1 0 0 1 1 1 0 0 1 1 0 1 0 1 0 1 1 1 0 0 0 1 0 0 1 1 1 0 0 1 1 1 1 1 0 1 1 1 0 1 1 0 1 1 1 1 0 1 0 1 0 0 1 0 0 1 0 0 1 1 0 0 1 1 1 0 1 0 0 0 1 1 0 0 0 1 1 0 1 1 1 1 0 0 0 1 1 1 0 0 1 1 0 0 1 1 1 1 0 
0 1 1 1 0 0 1 0 1 0 0 1 1 1 1 1 0 0 1 0 1 0 0 1 1 0 1 1 0 1 0 1 0 0 0 1 0 1 1 0 0 0 0 1 1 1 0 1 1 1 0 0 0 0 0 0 1 1 1 1 1 0 0 1 0 1 1 1 0 1 1 1 0 1 0 1 0 1 0 1 0 0 0 1 0 1 1 1 1 0 1 1 0 1 0 1 1 1 1 0 
1 0 1 0 0 1 1 1 1 0 1 0 0 0 0 0 0 0 0 0 1 1 1 0 0 1 1 0 1 1 0 1 1 0 0 0 1 0 0 0 1 1 1 0 1 1 1 0 0 0 0 0 1 0 0 0 1 0 0 1 1 1 0 0 0 1 1 0 1 0 1 1 1 1 1 1 0 0 1 1 0 1 0 1 0 1 0 0 0 0 0 1 0 0 0 0 0 0 0 0 
0 1 1 1 0 1 0 1 0 1 0 1 1 1 0 1 0 1 1 0 0 0 1 0 0 0 0 1 1 1 0 0 1 1 0 0 0 1 1 1 0 0 0 1 0 0 1 1 0 0 1 0 0 1 1 0 0 1 0 0 0 0 1 1 0 1 1 0 1 1 0 1 0 0 0 1 0 1 0 1 1 0 1 0 1 1 0 0 1 0 1 0 1 0 1 0 0 0 0 1 
1 1 1 0 1 0 0 0 0 1 0 0 1 1 0 0 0 1 0 1 1 1 0 1 0 1 1 1 0 0 0 1 0 0 0 1 1 1 1 1 1 0 0 1 0 1 0 1 0 0 0 1 0 0 0 0 0 1 0 1 0 0 0 1 0 1 1 0 1 1 1 1 0 1 0 1 1 1 1 0 0 0 1 0 1 1 1 1 0 0 0 0 0 1 1 1 0 1 1 0 
0 0 1 1 1 0 0 0 0 0 1 1 1 1 0 1 1 1 1 1 1 0 0 0 0 0 1 1 0 0 0 0 1 1 1 1 0 0 0 0 0 0 1 0 0 0 1 0 1 1 0 1 1 0 1 0 0 1 1 1 0 1 1 1 1 1 1 0 1 1 0 1 1 0 0 0 0 1 1 1 1 0 0 0 0 0 0 0 1 1 1 1 0 0 0 1 1 0 0 0 
1 0 1 0 0 0 0 1 1 0 1 0 0 0 0 1 1 0 1 0 0 1 0 0 0 0 1 1 0 0 0 1 0 0 0 0 1 1 0 0 0 0 1 1 0 0 0 1 0 0 1 1 1 0 1 1 1 0 1 0 0 1 0 0 1 1 0 0 0 1 1 0 0 0 0 1 1 1 1 0 1 0 1 1 1 0 1 1 0 0 1 0 1 0 1 0 1 1 0 1 
0 1 1 0 0 1 1 1 0 0 0 0 0 1 0 0 1 0 0 0 0 0 0 0 1 1 1 1 1 0 0 0 0 0 0 1 0 0 0 0 0 1 0 0 1 0 1 0 0 0 0 1 0 1 1 1 1 0 1 1 1 0 0 1 1 1 0 1 0 1 0 0 1 0 1 0 1 0 1 0 0 0 1 1 0 0 1 0 0 0 0 1 1 0 0 0 0 0 1 1 
0 1 1 1 0 1 0 0 0 1 0 1 0 0 1 0 1 1 0 1 0 0 0 0 1 0 1 0 0 1 0 1 1 0 0 1 1 1 1 0 1 1 1 0 1 1 1 1 0 0 0 0 1 1 0 1 1 0 0 1 1 0 1 0 0 1 0 0 0 1 1 1 1 0 1 0 1 1 1 0 0 0 1 0 1 0 1 1 0 1 1 1 1 0 0 0 1 0 0 0 
1 1 1 1 1 1 0 1 0 0 0 1 0 1 0 1 0 0 0 0 1 0 1 1 1 1 0 0 0 0 1 0 0 1 0 0 1 1 0 1 1 1 1 0 0 1 1 0 1 0 1 0 1 1 0 0 0 1 0 1 0 0 0 0 0 1 1 0 1 1 0 1 0 1 1 1 1 1 1 1 0 0 0 1 0 0 1 1 1 1 0 1 0 0 1 1 1 0 1 0 
0 1 1 0 1 0 0 1 0 1 0 1 0 0 1 0 0 1 0 1 1 1 0 1 0 1 1 1 0 1 1 1 0 0 0 0 1 1 1 0 0 1 0 0 0 0 1 0 0 0 0 1 0 0 0 1 1 1 1 0 0 1 1 0 0 0 0 1 1 1 0 1 0 1 0 1 0 1 0 1 0 0 0 1 0 0 1 1 0 1 1 1 1 1 0 0 0 1 1 0 
0 0 0 1 1 0 0 1 0 1 0 1 1 1 0 1 0 1 1 1 0 1 1 0 0 0 1 1 0 0 1 1 0 0 1 0 0 0 1 0 1 0 0 1 1 0 1 1 0 0 0 1 1 0 0 0 1 0 0 1 0 0 1 0 0 1 0 1 0 0 1 1 0 1 0 0 0 0 0 1 0 0 1 0 0 0 0 1 1 1 0 1 1 0 0 0 0 1 1 1 
0 0 1 1 1 1 1 1 1 1 0 1 0 0 0 1 0 1 0 0 1 1 0 0 0 0 0 1 1 1 1 0 0 1 0 1 0 0 1 0 1 1 1 1 0 1 0 1 1 0 1 0 1 0 1 0 1 0 1 0 1 1 1 0 0 0 0 1 0 0 0 1 1 1 0 1 0 0 0 1 1 1 1 1 0 0 0 0 1 1 0 0 1 1 1 1 0 1 0 0 
0 0 0 0 0 0 0 1 0 0 1 1 0 1 1 1 1 0 0 0 1 1 1 1 0 1 1 1 0 0 1 1 0 0 0 1 0 1 1 1 0 1 0 0 1 0 0 1 1 1 1 1 1 1 0 0 1 0 1 1 0 1 1 0 1 0 0 0 0 0 0 1 0 1 1 0 0 1 1 1 1 1 1 1 0 1 1 1 1 0 1 1 1 0 0 0 1 1 1 1 
1 1 0 0 0 0 1 0 0 1 0 1 0 0 0 1 0 1 1 0 0 1 0 1 1 1 1 1 0 0 0 1 1 0 1 1 1 1 0 1 0 1 0 1 0 0 0 1 0 1 1 1 1 1 1 1 0 1 1 1 0 1 0 0 0 0 0 1 0 1 0 1 0 0 0 0 0 1 0 1 0 0 1 0 0 0 0 0 0 1 0 0 1 1 0 0 1 0 1 0 
1 0 0 0 0 1 1 1 1 1 0 1 1 0 0 0 0 1 0 0 1 1 0 0 0 1 1 1 1 0 1 0 0 0 0 0 0 1 1 0 0 0 0 0 1 1 0 1 0 0 0 1 1 0 0 0 0 1 0 0 1 0 0 0 0 0 1 1 1 0 0 0 0 0 0 1 1 1 0 1 1 1 1 1 0 0 0 0 0 1 0 1 1 0 0 1 1 1 0 1 
0 1 0 1 1 1 0 1 1 0 1 0 1 1 1 1 0 0 0 0 0 1 1 1 1 1 0 0 0 1 1 1 0 1 1 0 1 0 0 1 1 0 0 0 0 1 1 1 0 0 1 1 1 1 0 0 1 1 0 1 0 1 0 1 0 1 0 0 1 0 0 0 0 1 1 1 0 1 0 1 0 0 0 1 1 1 1 0 0 0 1 1 0 1 1 1 1 0 1 0 
0 0 1 0 0 0 0 1 1 0 0 0 0 0 1 1 0 1 0 0 1 1 1 0 0 0 0 0 0 1 1 0 1 0 1 0 1 0 1 0 1 1 0 0 0 0 0 1 0 0 0 1 0 0 1 1 0 1 0 1 0 1 1 1 1 1 0 1 1 0 0 1 0 0 0 0 0 0 1 1 0 1 1 1 0 0 0 1 1 1 1 1 1 1 0 0 0 1 1 0 
1 0 1 1 1 1 0 0 0 0 0 1 1 0 1 1 0 1 0 0 0 1 0 1 0 1 1 1 0 1 0 0 1 0 0 0 1 0 1 0 1 0 1 1 0 0 1 0 0 0 1 1 0 0 0 1 1 0 0 1 0 0 1 1 0 1 1 1 1 1 1 1 0 0 0 1 1 1 1 0 0 1 1 1 1 0 0 0 1 1 1 1 0 0 0 1 1 1 1 1 
0 0 1 0 0 0 1 1 0 1 0 1 1 0 1 1 0 0 0 1 0 1 1 1 0 0 1 0 0 1 0 0 0 0 0 1 1 0 1 0 1 0 1 1 0 1 1 0 0 0 0 0 0 0 1 1 1 0 0 0 1 1 0 0 0 0 1 1 1 0 1 1 0 0 1 0 1 1 1 1 0 1 0 1 0 0 0 0 1 0 1 0 0 0 1 0 1 1 0 1 
0 1 0 0 0 1 0 1 0 0 1 0 0 1 0 1 0 0 0 1 1 0 0 0 0 1 1 0 0 0 0 1 0 1 0 1 1 1 1 0 1 0 0 0 1 0 1 0 0 0 1 0 1 0 0 0 1 1 0 0 0 0 1 0 0 1 1 0 1 1 0 1 1 0 0 1 0 1 0 1 0 0 1 0 0 0 1 1 1 0 0 1 0 1 0 1 0 0 0 1 
0 1 1 1 0 0 0 1 0 0 0 0 1 0 1 0 1 1 1 1 1 1 1 1 0 1 0 1 1 0 0 0 1 1 1 0 1 0 1 1 0 0 0 1 1 0 1 1 0 0 0 1 1 0 0 0 0 0 0 1 0 1 1 0 0 1 0 1 1 1 1 0 0 0 1 0 0 0 1 1 1 1 0 0 0 0 1 1 0 1 0 0 1 1 0 0 0 1 1 1 
0 0 0 1 0 0 1 1 1 1 1 1 0 1 1 1 0 1 1 0 0 0 1 1 1 1 0 0 0 1 0 0 1 0 1 1 1 0 1 1 1 1 0 0 0 1 0 1 0 1 0 1 1 1 0 1 0 1 0 0 0 1 0 0 0 1 0 1 0 1 1 0 0 1 0 1 1 1 0 1 1 1 1 0 0 1 1 0 0 1 1 1 1 0 0 1 0 1 1 0 
0 1 0 0 1 0 0 1 0 0 0 0 1 0 1 1 1 0 0 1 0 0 0 1 0 0 0 0 1 0 1 1 1 1 0 0 0 1 1 0 0 1 1 0 0 1 0 1 1 1 1 1 1 0 0 1 0 1 1 1 0 0 0 0 0 0 0 1 1 1 1 0 1 0 1 1 0 1 0 0 1 1 1 1 1 0 0 0 0 0 0 1 0 1 1 0 1 0 1 0 
0 1 1 1 1 0 0 1 1 0 0 1 0 0 0 1 1 1 0 0 0 1 0 1 1 1 0 1 0 1 1 1 0 1 0 1 1 1 0 0 1 1 0 1 1 1 0 0 0 1 0 1 1 1 0 1 0 0 0 1 0 1 1 1 1 1 0 0 0 1 1 1 0 1 1 0 1 1 0 0 0 1 1 1 1 1 1 0 0 0 0 1 1 0 0 0 1 1 0 1 
0 0 1 1 1 1 1 0 1 1 1 0 1 0 0 0 0 1 0 0 0 0 1 0 0 1 0 1 1 0 1 1 0 0 1 0 1 1 1 0 1 0 0 0 1 1 1 0 1 1 1 1 1 0 0 0 0 1 1 1 1 0 0 0 0 1 0 1 0 1 0 0 1 1 0 1 1 0 1 0 0 1 1 1 0 1 1 0 1 1 0 0 1 0 0 1 1 1 0 0 
0 0 0 0 1 0 1 1 0 1 1 0 0 1 0 1 0 0 1 0 0 0 0 1 0 1 0 1 1 0 1 1 0 0 1 0 1 0 1 1 1 1 1 1 1 1 0 0 1 0 0 0 1 0 1 0 0 1 1 1 1 0 0 1 1 1 0 0 1 0 1 0 1 0 0 1 0 1 0 1 0 0 0 1 0 0 0 0 0 1 0 0 0 0 0 1 1 1 1 1 
1 1 1 1 1 0 0 0 0 1 0 0 1 0 1 0 0 1 1 0 0 0 1 1 1 0 0 1 1 0 1 0 0 0 0 0 0 0 0 0 1 0 1 1 1 1 0 0 1 0 0 1 1 0 1 0 1 0 0 1 0 1 0 0 1 0 0 0 0 1 0 1 0 1 0 0 0 0 0 0 1 0 0 1 1 1 1 1 0 0 1 1 1 1 1 0 1 1 0 0 
1 0 1 0 1 0 1 1 0 0 1 1 0 0 1 1 1 1 1 1 1 1 1 0 1 1 1 0 0 1 1 1 0 0 0 0 1 1 0 1 0 0 1 1 1 0 1 1 1 1 1 0 0 0 0 1 0 1 1 0 0 0 1 1 1 0 1 1 1 0 0 0 0 1 0 1 1 0 1 0 0 1 1 1 0 1 0 1 0 0 0 1 1 0 1 1 1 1 0 0 
1 1 0 1 0 1 1 0 1 1 0 1 1 1 0 1 1 0 0 0 1 1 0 0 1 1 1 1 0 0 1 0 0 0 1 1 1 1 1 0 0 0 1 1 1 1 1 0 0 1 1 0 0 1 0 1 1 1 1 0 1 0 0 0 1 0 1 1 1 1 1 0 1 1 0 0 1 0 0 1 0 0 0 1 1 0 1 1 1 0 0 0 0 0 0 1 0 0 1 0 
