100 40 30
84 109 89 87 107 83 92 60 90 74 87 78 81 120 85 101 104 87 68 98 74 75 68 103 101 63 89 93 76 111 88 71 86 111 90 96 99 87 84 104 
44 11 43 17 48 55 48 29 21 40 11 4 26 49 12 16 37 45 58 7 26 14 47 24 40 33 20 43 25 42 20 57 46 36 3 5 23 56 3 54 36 9 24 10 14 12 55 53 44 25 56 2 12 58 10 49 40 46 38 5 57 1 32 55 35 32 22 52 3 6 18 15 10 23 57 42 4 40 3 9 24 15 27 3 33 48 40 14 3 49 23 18 55 17 54 26 36 43 5 58 
1 0 0 0 1 1 1 0 0 1 0 0 0 1 1 1 1 1 1 1 0 1 0 0 1 1 1 1 0 1 1 0 1 0 0 1 0 0 0 0 1 1 1 1 1 0 1 1 0 1 0 1 0 1 0 0 1 0 0 0 0 1 0 1 0 0 0 0 0 1 1 0 1 0 0 0 1 1 1 1 1 1 0 0 0 1 0 0 0 0 1 1 1 1 1 1 1 1 0 0 
0 0 1 1 1 1 1 0 1 1 1 1 1 0 1 1 1 1 0 1 1 1 1 0 0 1 1 1 1 1 0 1 0 0 0 0 1 0 0 1 1 1 1 1 1 0 1 1 1 1 1 1 1 1 1 0 0 1 1 0 0 0 1 1 1 1 1 1 1 1 1 1 0 0 0 0 0 1 1 1 1 0 1 0 1 1 0 1 1 0 1 0 1 0 0 1 1 0 0 0 
1 1 0 0 0 0 1 1 1 1 1 1 1 1 0 1 1 1 1 1 1 1 0 0 1 1 0 0 0 0 0 1 0 1 0 1 0 1 0 1 1 1 1 0 1 1 1 0 1 1 1 1 1 1 1 1 0 1 1 0 1 1 0 0 1 1 0 1 0 0 0 1 1 1 1 0 1 0 0 1 1 1 1 0 1 1 1 0 1 0 0 0 0 1 1 0 0 0 1 1 
1 1 0 1 0 1 1 0 1 1 1 1 1 0 1 0 1 1 1 1 0 1 0 0 0 1 1 1 0 1 0 1 1 1 0 1 1 1 1 1 1 1 1 1 0 1 1 1 0 1 1 0 0 0 0 1 0 1 1 1 1 0 1 1 0 1 1 1 1 0 1 1 1 1 0 1 0 0 1 1 1 1 0 1 1 1 1 1 1 0 0 1 1 1 1 0 0 1 0 1 
1 0 1 1 0 1 1 1 1 0 0 0 1 1 0 0 1 0 0 1 1 1 1 0 1 0 0 1 0 0 1 1 1 0 1 0 1 1 0 0 0 0 0 0 1 0 0 0 1 0 1 1 0 0 1 1 1 1 0 1 1 1 0 0 1 0 1 0 1 1 1 0 1 0 0 1 1 1 0 1 1 1 1 0 1 0 0 1 1 1 1 1 1 1 1 0 1 0 0 1 
0 0 1 1 1 1 1 0 1 1 1 0 0 1 0 1 1 1 1 0 0 0 1 1 1 1 1 1 1 1 0 0 0 1 1 0 0 0 1 0 1 1 1 1 0 0 1 0 1 0 1 1 1 0 1 0 0 0 1 1 0 0 1 1 1 1 0 0 1 1 1 1 0 1 1 0 1 0 1 1 1 0 1 1 0 0 1 1 1 1 1 1 0 0 1 0 0 1 1 0 
1 0 1 1 1 0 1 1 1 0 0 1 0 0 0 0 1 0 0 1 1 1 1 1 0 1 0 1 1 1 0 1 0 1 1 0 1 1 1 1 1 0 1 1 1 1 0 0 1 0 0 1 0 1 1 0 0 1 0 0 1 1 1 1 1 1 1 1 1 1 0 1 1 1 1 0 0 1 1 1 0 1 1 0 0 0 1 0 0 0 1 0 0 1 0 1 0 0 1 1 
0 1 0 0 1 0 0 1 0 0 0 1 1 1 0 0 1 1 1 1 1 0 1 1 1 1 1 1 0 1 0 0 1 0 0 0 1 1 1 1 1 1 0 1 1 0 1 1 0 1 0 1 1 1 1 1 0 0 1 0 0 0 0 0 1 1 0 0 1 0 0 1 1 0 0 1 0 1 1 0 0 1 1 0 1 0 0 0 1 1 1 1 1 1 1 0 0 0 0 1 
1 1 0 1 0 1 0 1 0 0 1 1 1 1 1 1 1 1 1 0 1 1 1 1 0 1 0 0 0 1 1 0 1 1 0 0 1 1 1 1 1 0 0 1 1 0 1 1 0 1 0 1 1 0 0 1 1 1 0 0 0 1 0 0 0 1 0 1 1 1 1 1 0 1 0 1 1 1 1 1 1 1 0 0 1 1 1 1 1 1 1 1 1 0 0 1 0 1 1 1 
0 1 1 1 0 0 1 0 0 1 1 1 0 1 1 0 1 1 0 1 0 1 0 1 0 1 0 0 0 1 1 1 1 1 0 1 1 1 0 1 0 1 1 1 1 1 1 0 1 1 1 0 1 1 0 0 1 0 0 0 1 1 0 0 0 1 1 0 1 0 1 1 1 1 1 1 0 1 0 1 1 1 1 0 1 0 0 1 1 1 0 1 1 0 1 1 1 1 0 1 
0 0 1 1 1 0 1 1 1 1 1 1 0 0 1 1 1 1 0 0 0 1 1 1 1 1 0 1 1 1 1 0 1 0 0 0 0 1 1 0 1 1 0 1 1 0 0 0 1 1 1 1 0 0 0 1 1 0 1 1 1 1 1 0 0 1 0 1 1 1 1 0 1 0 1 1 1 1 1 1 1 1 1 0 1 1 0 1 0 1 1 1 1 0 1 1 0 1 1 1 
1 1 1 0 1 1 1 0 1 0 0 0 0 0 0 1 1 0 1 1 0 1 1 0 1 1 1 1 0 0 0 0 1 0 0 1 1 0 1 1 0 1 0 0 1 0 1 1 0 0 1 1 0 1 0 1 1 0 1 1 1 0 1 1 1 1 0 1 0 0 1 1 0 1 0 0 0 1 1 1 0 1 0 1 0 0 1 1 0 1 1 0 1 1 0 1 0 0 1 1 
1 1 0 1 0 1 0 1 1 1 1 0 1 1 1 1 1 1 1 0 0 1 0 0 0 1 1 1 0 1 1 1 0 1 0 1 0 0 1 1 1 1 1 1 1 1 1 0 1 1 1 0 1 0 0 1 1 1 1 0 1 1 0 1 1 1 1 1 1 0 1 1 0 0 0 0 1 1 0 1 1 0 0 1 1 0 1 1 1 1 0 1 1 0 1 1 0 1 1 1 
0 1 0 1 1 1 1 1 0 1 1 1 0 1 1 0 1 1 0 0 1 1 0 1 0 1 1 1 0 0 0 1 1 1 1 0 1 0 1 0 1 1 0 1 1 1 1 0 0 1 0 1 0 0 1 1 1 0 1 1 1 1 0 0 1 1 0 0 0 0 1 1 1 1 1 0 1 0 0 1 0 0 1 0 1 1 1 0 0 1 1 1 1 0 1 1 1 1 0 0 
1 1 0 1 1 1 1 1 1 1 1 1 1 1 0 1 1 1 1 1 1 1 0 0 1 0 1 0 1 0 1 1 0 1 0 0 1 0 1 1 1 1 0 0 1 1 1 0 0 1 1 0 0 1 1 0 0 0 0 1 1 1 1 1 1 1 1 1 0 0 1 1 1 1 0 0 1 0 0 0 0 1 0 1 0 1 1 0 1 1 1 1 1 1 1 1 1 1 0 1 
0 1 1 1 1 0 1 1 1 0 1 1 0 0 1 1 0 1 0 1 1 0 1 0 0 0 1 0 1 0 1 0 1 1 1 1 0 0 1 1 1 1 1 1 1 1 1 1 1 1 1 1 1 1 1 0 0 1 1 1 0 1 1 0 0 1 1 0 1 1 0 0 0 1 1 1 1 0 0 1 1 1 1 1 0 0 1 1 0 1 1 1 1 1 1 1 1 1 1 1 
0 0 0 1 1 1 0 1 1 1 1 1 1 1 1 1 1 1 0 1 1 1 0 0 1 0 1 1 0 0 1 0 0 0 1 0 0 1 1 1 0 1 0 0 0 1 1 1 0 1 1 1 1 1 1 0 1 1 1 0 1 1 1 0 1 1 0 0 0 1 1 0 0 0 0 1 1 1 1 0 0 0 1 1 1 1 1 1 1 1 0 1 0 0 1 0 1 1 1 1 
1 1 1 0 1 1 0 0 1 0 1 0 1 1 1 0 1 1 1 1 0 1 1 1 1 1 1 1 1 0 1 0 0 0 0 0 1 0 0 1 0 1 1 1 1 0 1 0 0 0 1 1 1 0 0 0 0 0 0 1 1 0 1 0 0 1 1 1 0 1 1 1 0 0 1 0 1 1 0 1 0 1 0 0 1 1 1 1 1 0 1 0 1 1 1 1 1 1 0 0 
1 1 0 1 1 1 0 1 0 1 1 1 1 1 1 0 0 1 1 0 1 0 0 0 0 1 0 1 0 1 1 0 0 0 1 0 1 1 0 0 1 1 0 1 0 1 1 1 0 0 1 1 1 1 0 1 1 0 1 1 1 1 1 1 1 1 1 0 1 0 1 1 1 1 1 1 1 0 1 0 1 1 0 1 0 1 1 0 0 1 1 1 0 1 1 1 0 1 1 1 
0 0 1 1 0 1 1 1 1 1 1 1 1 1 1 1 1 1 1 1 0 1 0 0 1 0 0 1 0 1 1 1 1 1 0 1 0 1 1 0 0 0 1 1 1 0 1 0 1 1 1 1 0 1 1 1 1 0 1 0 1 0 0 1 0 0 0 1 1 1 1 1 1 0 0 1 0 1 1 1 0 1 1 1 1 1 0 1 1 1 1 1 0 0 1 1 1 1 0 1 
0 1 0 1 1 1 0 1 0 1 1 0 1 1 0 1 1 1 1 1 0 0 1 1 1 1 0 0 1 0 1 1 0 0 1 1 1 1 1 1 1 1 1 1 1 0 0 0 1 0 0 0 1 1 0 1 1 0 1 0 0 1 1 1 1 1 0 1 1 1 1 1 0 0 0 1 0 1 1 0 0 1 1 0 1 1 1 0 1 1 1 1 1 0 1 1 0 0 0 0 
1 1 0 1 0 1 0 1 1 1 1 1 0 0 1 0 1 0 1 0 0 1 1 1 1 1 1 1 0 0 1 0 1 1 1 0 0 1 0 1 1 1 1 1 1 0 0 1 1 0 0 1 0 0 1 1 0 1 1 1 1 1 0 1 1 1 1 1 1 0 0 1 0 1 1 1 1 0 0 1 0 1 0 0 1 0 1 1 1 1 1 1 1 1 1 1 1 0 0 1 
1 1 0 1 1 0 1 0 1 0 0 1 1 1 0 0 0 1 0 1 1 1 0 0 1 1 1 1 1 1 0 1 1 1 0 1 0 1 1 1 0 0 0 0 0 1 1 1 0 1 1 1 1 0 1 1 1 1 0 0 1 0 1 1 1 0 1 1 1 1 0 1 1 1 0 0 1 1 1 1 1 0 1 0 1 0 1 1 1 0 1 1 1 0 1 0 1 1 1 1 
1 0 1 0 1 1 0 0 0 1 0 1 0 0 0 0 0 1 0 1 0 0 1 1 1 0 0 1 1 0 0 1 1 0 1 0 1 0 0 1 0 1 1 1 1 0 1 0 1 0 1 0 1 1 1 1 1 1 1 0 1 1 0 1 0 1 1 1 1 0 0 1 0 1 1 1 1 1 1 1 0 0 1 1 1 0 1 1 1 1 1 0 1 1 0 1 1 1 1 1 
1 0 0 1 0 1 1 0 1 0 1 1 0 0 0 1 0 0 0 0 0 1 1 1 1 1 0 0 1 0 1 1 0 1 1 1 0 0 0 1 1 1 0 1 0 1 1 1 0 1 0 1 1 1 1 1 1 0 1 1 1 0 0 1 1 0 1 1 1 0 1 1 0 1 0 0 1 1 1 1 0 1 1 1 1 1 0 0 0 1 1 0 0 0 1 1 0 1 1 1 
1 1 1 1 0 1 1 1 0 1 1 0 1 1 1 0 0 1 0 0 1 1 1 0 0 0 0 1 0 1 0 0 1 1 0 1 0 1 1 1 1 0 1 1 1 0 1 1 1 1 1 0 0 0 0 1 0 0 0 0 1 1 1 1 0 1 1 1 1 1 0 1 1 1 1 1 0 0 1 1 1 1 1 0 1 1 1 0 1 1 0 1 0 1 1 1 1 1 1 0 
1 1 1 0 0 0 0 0 0 1 1 0 0 1 1 0 1 0 0 1 1 0 0 1 1 1 1 1 1 1 0 0 0 1 0 1 1 1 1 0 0 1 0 1 0 1 1 1 1 1 0 1 0 1 0 1 1 1 0 1 1 1 0 1 1 1 1 0 1 0 0 1 0 1 1 1 1 1 1 1 1 0 0 1 1 0 0 1 1 1 0 1 1 1 1 1 1 1 0 1 
1 1 1 1 0 0 1 1 0 1 1 1 1 0 1 1 1 1 1 0 0 0 1 1 0 1 0 1 1 0 1 0 0 1 1 0 1 0 0 0 1 0 1 1 1 1 0 1 1 0 1 1 1 1 0 1 0 0 1 0 1 1 0 1 1 1 0 1 1 1 1 1 0 1 1 0 1 0 1 0 0 0 1 0 1 0 0 0 1 1 0 1 0 0 0 1 0 0 1 1 
1 1 1 0 0 0 1 1 0 1 1 1 1 1 1 1 1 0 0 1 1 0 1 1 0 0 1 1 0 1 0 1 0 1 1 1 1 1 0 1 1 1 0 0 0 1 0 1 1 1 1 1 0 1 0 1 1 0 0 1 0 1 0 1 0 1 1 1 1 1 1 0 0 1 1 1 1 1 1 1 1 1 1 0 1 0 0 0 1 1 1 1 1 1 1 1 1 0 1 1 
0 0 0 1 1 1 0 0 1 0 1 0 1 0 1 0 1 1 0 0 0 1 1 1 1 1 1 1 1 0 0 1 0 1 1 0 1 0 1 1 0 1 1 1 1 0 1 1 1 1 1 1 1 1 1 1 0 1 1 0 1 1 1 1 0 1 0 0 0 1 1 0 0 0 1 1 1 1 0 0 1 1 0 0 1 0 1 1 1 1 1 1 0 0 0 1 1 1 1 1 
1 1 1 0 0 1 1 1 1 1 0 1 0 1 1 1 0 1 0 1 1 1 1 1 1 0 0 1 0 0 1 0 1 1 1 0 0 0 1 1 0 1 0 0 1 1 0 1 1 1 1 1 1 0 1 0 0 0 0 1 0 0 1 1 0 0 1 0 0 1 1 0 1 1 1 0 1 0 1 0 1 1 1 1 1 0 1 1 1 0 1 1 0 0 1 1 0 0 1 0 
1 1 1 0 1 1 1 0 1 0 1 1 0 1 1 0 1 1 1 0 0 1 1 1 1 1 0 1 1 1 1 1 0 1 1 1 0 0 0 1 1 0 1 1 1 0 0 1 1 1 0 1 1 1 1 1 1 1 1 1 1 0 1 0 1 0 0 1 1 1 1 1 1 0 1 0 1 0 0 1 1 1 1 1 0 1 1 1 1 0 1 1 1 1 1 0 1 1 1 1 
0 0 1 0 1 1 1 1 1 0 1 0 1 0 0 1 1 0 0 1 1 1 1 0 1 1 1 1 1 1 0 1 1 1 1 1 0 1 0 1 1 1 1 1 1 1 0 0 1 0 0 1 0 0 0 1 1 1 0 1 0 0 1 0 0 1 1 0 0 0 1 1 1 1 0 0 1 0 1 0 0 0 0 1 1 1 1 0 1 1 1 1 1 0 0 1 1 1 0 0 
0 1 1 1 1 1 0 1 0 1 1 1 1 1 1 0 1 1 1 1 0 1 1 1 1 1 0 0 1 0 0 0 0 1 1 0 0 0 0 1 0 0 0 1 0 1 0 0 0 1 1 1 0 1 0 0 0 1 1 0 1 0 1 1 0 0 0 1 0 1 1 1 1 1 0 0 1 0 1 0 1 1 0 1 1 1 0 1 0 1 1 0 1 0 1 1 1 0 1 1 
1 1 0 1 0 0 1 1 0 1 0 1 1 1 0 0 1 1 1 1 0 1 0 1 0 1 1 0 1 1 0 1 1 1 1 1 1 1 0 0 1 1 0 0 0 1 0 0 1 1 0 0 0 0 1 1 0 0 1 1 1 1 1 1 1 1 1 0 0 1 1 1 1 0 1 0 0 0 1 1 0 1 1 0 0 0 1 1 0 1 1 1 0 0 0 1 1 1 1 1 
1 0 1 1 0 1 0 1 1 0 1 1 1 1 1 1 0 1 1 1 0 1 1 1 1 1 0 1 0 0 1 0 1 1 0 0 1 0 1 0 1 0 0 0 1 1 1 1 0 1 0 1 0 0 0 1 1 0 1 1 1 1 1 1 1 0 0 1 0 0 1 0 1 0 1 1 1 1 0 1 0 1 1 1 1 1 1 1 1 0 1 1 1 1 0 1 0 1 1 1 
0 1 0 0 1 0 1 0 1 1 1 1 1 1 0 1 1 0 0 1 0 1 1 0 1 0 1 1 0 0 0 0 0 1 1 1 0 1 1 1 1 1 1 1 0 0 1 1 0 1 0 1 1 1 0 1 0 1 1 1 0 0 0 0 0 1 0 1 1 0 1 0 0 1 0 1 1 1 0 1 1 1 0 1 1 0 1 1 1 1 0 1 1 1 1 0 0 1 0 1 
1 1 0 0 1 0 0 1 1 0 1 0 1 1 1 1 0 1 1 1 1 0 0 0 0 1 1 1 1 1 1 0 0 0 0 0 1 0 0 0 1 0 1 1 1 1 0 0 1 1 0 0 0 0 0 1 0 1 1 1 1 1 1 1 1 0 1 1 0 1 1 1 1 1 1 1 0 1 1 1 1 0 1 1 1 1 0 0 1 0 1 0 0 1 1 1 1 1 1 0 
0 0 1 1 0 1 1 0 1 0 0 1 0 1 1 1 0 1 0 1 1 1 0 0 1 1 1 1 0 1 1 1 0 1 1 1 1 1 0 0 1 1 0 0 1 0 0 1 1 1 1 0 1 0 1 1 0 1 1 0 1 1 1 1 1 1 0 1 1 0 0 1 1 0 1 1 0 0 1 1 1 1 0 0 0 0 0 0 1 1 0 1 1 0 0 1 1 1 0 1 
0 1 0 1 1 1 1 1 1 1 0 1 0 1 0 1 1 0 1 1 1 1 0 1 1 0 1 0 1 0 1 1 1 1 1 1 0 0 0 1 1 1 1 1 0 0 0 1 1 0 0 1 0 1 1 0 0 0 0 1 1 1 1 0 1 1 1 1 1 1 0 1 1 0 1 1 1 0 0 0 0 0 0 1 1 0 1 0 1 1 1 0 1 0 0 0 1 1 0 1 
