15 20 12
44 35 49 32 12 54 44 61 41 56 56 32 53 64 49 39 35 44 30 83 
43 16 29 30 12 11 43 21 32 30 12 14 16 48 20 
0 0 0 0 0 0 0 0 1 0 0 0 1 0 1 
0 0 0 1 0 0 0 0 0 0 0 0 0 0 1 
1 0 0 0 0 0 1 0 0 0 0 0 0 0 0 
0 1 0 0 0 0 0 1 0 0 1 0 0 0 0 
0 0 0 0 1 0 0 0 0 0 1 0 0 0 0 
1 0 0 0 0 0 0 1 0 0 1 1 0 0 0 
0 0 1 0 0 0 1 0 0 0 0 0 1 0 0 
1 0 0 0 1 0 0 0 1 0 0 0 1 1 1 
0 0 1 0 0 0 0 1 0 0 0 0 0 0 0 
1 0 0 0 0 0 0 0 0 0 0 0 0 1 0 
0 0 0 1 0 1 0 0 0 1 0 0 1 1 0 
0 1 0 1 0 0 0 0 0 0 1 0 0 0 1 
0 1 0 0 0 0 0 0 0 0 0 1 0 1 0 
1 0 0 0 0 0 1 0 1 1 0 0 0 0 0 
0 0 0 1 0 0 1 0 0 0 1 0 0 1 1 
0 1 0 0 0 1 0 0 1 0 0 0 0 0 0 
0 1 0 0 0 0 0 1 1 0 0 1 1 0 1 
1 0 0 1 0 0 0 0 0 0 0 0 0 0 0 
0 0 0 1 0 0 0 0 0 0 1 0 0 0 0 
0 1 0 0 0 0 0 0 0 0 0 0 0 1 0 
