15 15 10
62 75 64 66 62 79 71 66 61 72 51 59 67 69 77 
10 25 50 7 33 20 29 43 35 59 31 10 20 29 16 
1 0 0 1 1 1 1 1 1 1 1 1 0 1 0 
0 0 0 1 1 0 0 0 1 1 0 1 1 1 1 
1 1 0 0 0 0 1 0 0 1 1 1 1 1 1 
0 1 0 0 0 1 0 0 1 1 0 1 0 1 1 
0 1 1 1 1 0 1 0 0 0 1 0 0 0 0 
1 0 1 1 1 0 1 1 0 0 1 1 1 0 0 
0 0 1 1 0 1 1 0 1 0 0 1 0 1 0 
1 1 0 1 1 1 0 0 0 1 1 0 1 0 0 
0 1 0 1 1 0 0 1 0 0 0 1 0 0 0 
1 1 1 1 1 0 0 1 0 0 1 0 0 0 1 
1 1 0 1 1 0 1 1 1 0 0 1 0 1 1 
1 0 1 0 1 0 1 1 0 0 0 0 1 1 0 
1 0 1 0 1 1 1 1 0 1 0 0 0 0 1 
0 0 0 1 0 0 0 1 1 1 1 0 1 1 0 
0 1 0 0 0 0 1 0 1 1 1 1 0 0 0 
