15 15 5
52 54 47 32 36 29 44 57 54 39 50 48 41 58 34 
25 44 49 34 48 23 39 26 46 32 29 20 27 34 18 
0 0 1 0 0 1 0 0 0 0 1 0 1 0 0 
1 0 1 1 0 0 0 1 1 0 0 0 0 0 0 
0 0 0 0 0 0 1 0 1 0 0 0 0 0 0 
0 0 0 0 0 0 0 0 0 1 0 0 0 0 0 
0 0 0 1 0 0 0 0 0 0 0 0 0 0 1 
0 0 0 0 0 0 0 0 0 0 1 1 1 0 0 
0 0 0 0 0 0 1 0 0 0 1 0 0 1 0 
0 1 0 0 0 0 1 1 0 0 0 1 0 0 0 
0 0 0 0 1 0 1 0 0 0 0 0 1 0 0 
0 0 0 0 0 0 0 1 0 1 1 0 0 0 1 
1 1 0 0 0 1 0 0 0 0 0 1 0 0 0 
0 1 0 0 0 0 1 0 0 0 1 0 0 0 0 
0 0 0 0 0 0 0 0 0 1 0 0 0 0 1 
1 0 0 1 1 0 0 1 1 1 0 0 0 0 0 
1 0 0 0 0 0 0 0 0 1 0 0 0 1 0 
