15 20 15
58 51 54 56 67 67 63 68 79 59 40 49 51 67 55 62 64 71 56 58 
27 37 11 42 8 48 46 8 3 30 4 53 26 6 44 
0 1 1 1 1 1 0 1 1 1 0 0 1 0 1 
0 0 1 1 1 1 1 1 1 0 0 0 0 0 0 
1 0 0 1 0 0 1 1 1 0 1 0 0 0 0 
1 0 0 0 0 1 0 1 1 0 1 0 1 0 0 
0 0 1 1 1 1 1 1 0 0 1 0 0 1 1 
0 1 1 0 0 1 1 0 1 1 1 1 0 0 1 
0 0 1 1 1 1 0 0 1 1 1 1 1 1 1 
0 1 0 0 1 0 1 1 0 0 1 1 0 0 1 
1 1 0 0 0 1 1 0 0 0 0 1 0 1 0 
1 0 1 1 1 0 1 1 1 1 1 1 0 1 0 
0 0 0 0 0 0 0 1 0 1 0 0 1 0 0 
1 0 0 0 0 1 1 1 1 0 1 0 1 0 0 
0 1 1 0 0 1 0 1 0 0 1 0 0 0 1 
1 0 1 0 1 0 0 1 1 0 1 1 0 1 1 
1 1 0 1 0 0 0 1 0 1 1 0 1 1 0 
0 0 1 1 0 0 1 0 0 1 1 1 0 0 0 
1 0 1 1 0 0 0 1 1 1 0 0 0 0 1 
1 0 0 0 0 1 0 1 0 0 1 0 0 0 1 
0 0 0 0 1 1 0 1 1 1 1 0 0 0 1 
0 1 1 0 0 1 0 0 1 0 1 0 0 0 0 
