15 20 15
57 68 33 43 63 71 67 39 41 69 66 43 46 43 52 62 61 35 52 46 
25 19 42 4 16 28 26 29 1 50 7 14 31 23 25 
0 1 1 1 1 1 0 1 1 1 0 0 1 0 1 
0 0 1 1 1 1 1 1 1 0 0 0 0 0 0 
1 0 0 1 0 0 1 1 1 0 1 0 0 0 0 
1 0 0 0 0 1 0 1 1 0 1 0 1 0 0 
0 0 1 1 1 1 1 1 0 0 1 0 0 1 1 
0 1 1 0 0 1 1 0 1 1 1 1 0 0 1 
0 0 1 1 1 1 0 0 1 1 1 1 1 1 1 
0 1 0 0 1 0 1 1 0 0 1 1 0 0 1 
1 1 0 0 0 1 1 0 0 0 0 1 0 1 0 
1 0 1 1 1 0 1 1 1 1 1 1 0 1 0 
0 0 0 0 0 0 0 1 0 1 0 0 1 0 0 
1 0 0 0 0 1 1 1 1 0 1 0 1 0 0 
0 1 1 0 0 1 0 1 0 0 1 0 0 0 1 
1 0 1 0 1 0 0 1 1 0 1 1 0 1 1 
1 1 0 1 0 0 0 1 0 1 1 0 1 1 0 
0 0 1 1 0 0 1 0 0 1 1 1 0 0 0 
1 0 1 1 0 0 0 1 1 1 0 0 0 0 1 
1 0 0 0 0 1 0 1 0 0 1 0 0 0 1 
0 0 0 0 1 1 0 1 1 1 1 0 0 0 1 
0 1 1 0 0 1 0 0 1 0 1 0 0 0 0 
