15 20 8
59 42 37 57 68 62 59 59 67 60 37 52 49 68 48 59 54 55 53 34 
33 59 36 36 50 43 37 35 37 46 47 34 35 37 29 
0 0 1 0 0 0 0 0 0 1 0 0 1 0 1 
1 0 0 1 0 0 0 1 0 0 0 0 1 1 0 
0 0 0 1 0 0 0 0 1 0 0 1 0 0 0 
0 0 0 0 0 0 0 0 0 0 1 1 0 0 1 
0 1 0 0 0 0 0 0 1 0 0 0 1 1 0 
1 0 1 0 1 0 0 0 0 1 0 0 0 1 0 
0 0 0 0 1 0 0 0 0 1 0 0 1 1 0 
0 1 0 0 0 1 0 0 1 0 0 1 0 0 0 
0 1 1 1 0 0 0 0 0 0 0 1 0 0 1 
0 0 0 0 1 0 1 0 0 0 0 0 1 0 0 
0 0 0 0 0 0 0 0 1 0 0 0 0 0 0 
0 0 0 1 0 0 0 0 0 0 0 0 0 1 1 
0 0 0 0 0 0 0 0 0 1 1 1 0 0 0 
0 0 0 0 1 0 0 1 0 1 1 0 0 0 0 
0 0 0 0 0 1 1 0 0 0 0 0 1 0 0 
0 1 0 0 0 0 0 0 0 0 0 0 0 0 0 
1 0 0 0 0 0 0 0 0 1 0 0 0 0 0 
0 0 0 1 0 0 1 0 0 0 1 0 0 0 0 
1 0 0 0 0 0 1 0 1 0 1 0 0 1 1 
0 0 0 0 0 0 0 0 0 0 0 1 0 0 0 
