15 20 12
34 48 56 41 51 45 48 40 24 39 44 47 41 49 43 48 45 41 44 49 
24 37 11 37 40 29 43 23 24 25 32 14 32 33 18 
0 0 0 0 0 0 0 0 1 0 0 0 1 0 1 
0 0 0 1 0 0 0 0 0 0 0 0 0 0 1 
1 0 0 0 0 0 1 0 0 0 0 0 0 0 0 
0 1 0 0 0 0 0 1 0 0 1 0 0 0 0 
0 0 0 0 1 0 0 0 0 0 1 0 0 0 0 
1 0 0 0 0 0 0 1 0 0 1 1 0 0 0 
0 0 1 0 0 0 1 0 0 0 0 0 1 0 0 
1 0 0 0 1 0 0 0 1 0 0 0 1 1 1 
0 0 1 0 0 0 0 1 0 0 0 0 0 0 0 
1 0 0 0 0 0 0 0 0 0 0 0 0 1 0 
0 0 0 1 0 1 0 0 0 1 0 0 1 1 0 
0 1 0 1 0 0 0 0 0 0 1 0 0 0 1 
0 1 0 0 0 0 0 0 0 0 0 1 0 1 0 
1 0 0 0 0 0 1 0 1 1 0 0 0 0 0 
0 0 0 1 0 0 1 0 0 0 1 0 0 1 1 
0 1 0 0 0 1 0 0 1 0 0 0 0 0 0 
0 1 0 0 0 0 0 1 1 0 0 1 1 0 1 
1 0 0 1 0 0 0 0 0 0 0 0 0 0 0 
0 0 0 1 0 0 0 0 0 0 1 0 0 0 0 
0 1 0 0 0 0 0 0 0 0 0 0 0 1 0 
