15 15 10
85 79 84 40 62 74 55 77 70 88 73 26 65 39 59 
16 17 39 54 28 35 7 40 7 23 59 57 23 28 20 
0 0 0 0 1 1 0 0 0 0 1 0 0 1 0 
1 0 0 1 1 0 0 1 0 1 1 1 1 1 0 
1 0 0 1 0 1 1 0 0 1 0 0 1 1 0 
0 1 1 0 1 0 0 0 1 0 0 0 0 0 0 
0 0 0 1 1 1 0 0 0 0 0 1 0 0 0 
0 0 1 0 0 0 1 0 0 0 0 1 0 0 0 
0 0 0 1 0 0 0 0 1 1 0 0 1 0 1 
0 1 1 0 0 0 0 0 1 0 0 1 1 0 1 
0 1 1 0 1 0 1 0 0 1 0 1 0 0 0 
1 1 1 0 0 0 1 1 1 0 1 0 1 0 0 
0 0 0 1 0 0 1 1 1 0 0 1 0 1 0 
1 0 0 0 0 0 1 0 1 1 0 0 0 0 1 
1 0 0 1 0 1 0 0 0 0 0 0 0 0 0 
0 1 0 0 1 0 1 0 1 1 0 0 0 0 0 
0 1 1 1 0 0 1 0 0 1 1 0 0 0 1 
