15 20 8
32 55 55 35 65 42 42 69 49 33 26 51 29 42 28 49 27 54 36 30 
22 49 31 45 22 17 10 35 26 27 22 25 27 13 30 
0 0 1 0 0 0 0 0 0 1 0 0 1 0 1 
1 0 0 1 0 0 0 1 0 0 0 0 1 1 0 
0 0 0 1 0 0 0 0 1 0 0 1 0 0 0 
0 0 0 0 0 0 0 0 0 0 1 1 0 0 1 
0 1 0 0 0 0 0 0 1 0 0 0 1 1 0 
1 0 1 0 1 0 0 0 0 1 0 0 0 1 0 
0 0 0 0 1 0 0 0 0 1 0 0 1 1 0 
0 1 0 0 0 1 0 0 1 0 0 1 0 0 0 
0 1 1 1 0 0 0 0 0 0 0 1 0 0 1 
0 0 0 0 1 0 1 0 0 0 0 0 1 0 0 
0 0 0 0 0 0 0 0 1 0 0 0 0 0 0 
0 0 0 1 0 0 0 0 0 0 0 0 0 1 1 
0 0 0 0 0 0 0 0 0 1 1 1 0 0 0 
0 0 0 0 1 0 0 1 0 1 1 0 0 0 0 
0 0 0 0 0 1 1 0 0 0 0 0 1 0 0 
0 1 0 0 0 0 0 0 0 0 0 0 0 0 0 
1 0 0 0 0 0 0 0 0 1 0 0 0 0 0 
0 0 0 1 0 0 1 0 0 0 1 0 0 0 0 
1 0 0 0 0 0 1 0 1 0 1 0 0 1 1 
0 0 0 0 0 0 0 0 0 0 0 1 0 0 0 
