15 15 10
74 62 76 52 76 64 53 76 80 48 82 41 79 72 58 
41 46 17 15 8 55 27 1 32 24 18 53 20 45 38 
0 0 0 0 1 1 0 0 0 0 1 0 0 1 0 
1 0 0 1 1 0 0 1 0 1 1 1 1 1 0 
1 0 0 1 0 1 1 0 0 1 0 0 1 1 0 
0 1 1 0 1 0 0 0 1 0 0 0 0 0 0 
0 0 0 1 1 1 0 0 0 0 0 1 0 0 0 
0 0 1 0 0 0 1 0 0 0 0 1 0 0 0 
0 0 0 1 0 0 0 0 1 1 0 0 1 0 1 
0 1 1 0 0 0 0 0 1 0 0 1 1 0 1 
0 1 1 0 1 0 1 0 0 1 0 1 0 0 0 
1 1 1 0 0 0 1 1 1 0 1 0 1 0 0 
0 0 0 1 0 0 1 1 1 0 0 1 0 1 0 
1 0 0 0 0 0 1 0 1 1 0 0 0 0 1 
1 0 0 1 0 1 0 0 0 0 0 0 0 0 0 
0 1 0 0 1 0 1 0 1 1 0 0 0 0 0 
0 1 1 1 0 0 1 0 0 1 1 0 0 0 1 
