15 20 15
68 68 65 84 68 70 88 59 66 90 63 76 63 70 68 63 73 74 69 59 
58 51 24 17 59 20 17 7 49 54 24 39 29 33 40 
0 1 1 1 1 1 0 1 1 1 0 0 1 0 1 
0 0 1 1 1 1 1 1 1 0 0 0 0 0 0 
1 0 0 1 0 0 1 1 1 0 1 0 0 0 0 
1 0 0 0 0 1 0 1 1 0 1 0 1 0 0 
0 0 1 1 1 1 1 1 0 0 1 0 0 1 1 
0 1 1 0 0 1 1 0 1 1 1 1 0 0 1 
0 0 1 1 1 1 0 0 1 1 1 1 1 1 1 
0 1 0 0 1 0 1 1 0 0 1 1 0 0 1 
1 1 0 0 0 1 1 0 0 0 0 1 0 1 0 
1 0 1 1 1 0 1 1 1 1 1 1 0 1 0 
0 0 0 0 0 0 0 1 0 1 0 0 1 0 0 
1 0 0 0 0 1 1 1 1 0 1 0 1 0 0 
0 1 1 0 0 1 0 1 0 0 1 0 0 0 1 
1 0 1 0 1 0 0 1 1 0 1 1 0 1 1 
1 1 0 1 0 0 0 1 0 1 1 0 1 1 0 
0 0 1 1 0 0 1 0 0 1 1 1 0 0 0 
1 0 1 1 0 0 0 1 1 1 0 0 0 0 1 
1 0 0 0 0 1 0 1 0 0 1 0 0 0 1 
0 0 0 0 1 1 0 1 1 1 1 0 0 0 1 
0 1 1 0 0 1 0 0 1 0 1 0 0 0 0 
