15 15 10
98 68 59 69 54 67 95 54 63 59 64 71 85 82 58 
34 51 4 51 21 29 52 5 57 50 29 18 48 32 30 
1 0 0 1 1 1 1 1 1 1 1 1 0 1 0 
0 0 0 1 1 0 0 0 1 1 0 1 1 1 1 
1 1 0 0 0 0 1 0 0 1 1 1 1 1 1 
0 1 0 0 0 1 0 0 1 1 0 1 0 1 1 
0 1 1 1 1 0 1 0 0 0 1 0 0 0 0 
1 0 1 1 1 0 1 1 0 0 1 1 1 0 0 
0 0 1 1 0 1 1 0 1 0 0 1 0 1 0 
1 1 0 1 1 1 0 0 0 1 1 0 1 0 0 
0 1 0 1 1 0 0 1 0 0 0 1 0 0 0 
1 1 1 1 1 0 0 1 0 0 1 0 0 0 1 
1 1 0 1 1 0 1 1 1 0 0 1 0 1 1 
1 0 1 0 1 0 1 1 0 0 0 0 1 1 0 
1 0 1 0 1 1 1 1 0 1 0 0 0 0 1 
0 0 0 1 0 0 0 1 1 1 1 0 1 1 0 
0 1 0 0 0 0 1 0 1 1 1 1 0 0 0 
