15 15 10
64 15 61 49 57 88 49 56 93 61 59 90 73 15 77 
21 38 44 14 36 2 6 55 48 21 30 9 45 34 7 
0 0 1 1 0 0 0 0 0 1 0 1 0 0 0 
0 0 0 0 0 0 1 0 0 0 0 1 0 0 1 
1 0 0 1 0 0 0 0 1 0 1 0 0 0 1 
0 1 0 0 1 0 0 0 0 0 1 0 0 0 0 
0 0 1 0 0 1 0 0 0 1 1 0 0 0 1 
0 0 0 1 0 0 0 1 0 0 0 0 0 0 0 
0 0 0 1 0 0 0 0 0 0 0 0 1 0 0 
0 0 1 0 0 0 0 0 0 1 0 1 0 0 0 
0 0 0 0 0 1 0 1 1 1 0 0 0 0 0 
1 1 1 0 0 0 0 0 1 0 0 1 0 1 0 
0 0 0 0 1 0 0 0 0 0 0 0 0 1 1 
1 1 1 0 1 0 0 1 0 0 0 1 0 0 0 
1 0 0 0 0 0 1 0 1 1 0 0 0 0 0 
0 0 0 1 0 0 0 0 0 0 0 0 0 0 0 
1 1 0 0 0 1 0 1 1 0 1 0 1 1 0 
