15 20 12
62 41 65 48 59 61 62 66 21 69 64 48 22 59 59 63 62 61 45 23 
55 22 20 36 52 58 35 20 55 46 43 18 21 17 21 
0 0 0 0 0 0 0 0 1 0 0 0 1 0 1 
0 0 0 1 0 0 0 0 0 0 0 0 0 0 1 
1 0 0 0 0 0 1 0 0 0 0 0 0 0 0 
0 1 0 0 0 0 0 1 0 0 1 0 0 0 0 
0 0 0 0 1 0 0 0 0 0 1 0 0 0 0 
1 0 0 0 0 0 0 1 0 0 1 1 0 0 0 
0 0 1 0 0 0 1 0 0 0 0 0 1 0 0 
1 0 0 0 1 0 0 0 1 0 0 0 1 1 1 
0 0 1 0 0 0 0 1 0 0 0 0 0 0 0 
1 0 0 0 0 0 0 0 0 0 0 0 0 1 0 
0 0 0 1 0 1 0 0 0 1 0 0 1 1 0 
0 1 0 1 0 0 0 0 0 0 1 0 0 0 1 
0 1 0 0 0 0 0 0 0 0 0 1 0 1 0 
1 0 0 0 0 0 1 0 1 1 0 0 0 0 0 
0 0 0 1 0 0 1 0 0 0 1 0 0 1 1 
0 1 0 0 0 1 0 0 1 0 0 0 0 0 0 
0 1 0 0 0 0 0 1 1 0 0 1 1 0 1 
1 0 0 1 0 0 0 0 0 0 0 0 0 0 0 
0 0 0 1 0 0 0 0 0 0 1 0 0 0 0 
0 1 0 0 0 0 0 0 0 0 0 0 0 1 0 
