15 20 15
85 88 47 37 82 64 79 63 74 70 89 70 78 67 58 91 71 69 61 66 
29 2 59 11 53 4 44 23 36 55 36 25 32 55 4 
0 1 1 1 1 1 0 1 1 1 0 0 1 0 1 
0 0 1 1 1 1 1 1 1 0 0 0 0 0 0 
1 0 0 1 0 0 1 1 1 0 1 0 0 0 0 
1 0 0 0 0 1 0 1 1 0 1 0 1 0 0 
0 0 1 1 1 1 1 1 0 0 1 0 0 1 1 
0 1 1 0 0 1 1 0 1 1 1 1 0 0 1 
0 0 1 1 1 1 0 0 1 1 1 1 1 1 1 
0 1 0 0 1 0 1 1 0 0 1 1 0 0 1 
1 1 0 0 0 1 1 0 0 0 0 1 0 1 0 
1 0 1 1 1 0 1 1 1 1 1 1 0 1 0 
0 0 0 0 0 0 0 1 0 1 0 0 1 0 0 
1 0 0 0 0 1 1 1 1 0 1 0 1 0 0 
0 1 1 0 0 1 0 1 0 0 1 0 0 0 1 
1 0 1 0 1 0 0 1 1 0 1 1 0 1 1 
1 1 0 1 0 0 0 1 0 1 1 0 1 1 0 
0 0 1 1 0 0 1 0 0 1 1 1 0 0 0 
1 0 1 1 0 0 0 1 1 1 0 0 0 0 1 
1 0 0 0 0 1 0 1 0 0 1 0 0 0 1 
0 0 0 0 1 1 0 1 1 1 1 0 0 0 1 
0 1 1 0 0 1 0 0 1 0 1 0 0 0 0 
