15 20 8
58 62 59 54 59 36 58 52 62 60 31 63 50 54 57 35 33 35 55 50  
32 35 34 34 20 44 29 49 26 31 24 50 57 35 54 
0 0 1 0 0 0 0 0 0 1 0 0 1 0 1 
1 0 0 1 0 0 0 1 0 0 0 0 1 1 0 
0 0 0 1 0 0 0 0 1 0 0 1 0 0 0 
0 0 0 0 0 0 0 0 0 0 1 1 0 0 1 
0 1 0 0 0 0 0 0 1 0 0 0 1 1 0 
1 0 1 0 1 0 0 0 0 1 0 0 0 1 0 
0 0 0 0 1 0 0 0 0 1 0 0 1 1 0 
0 1 0 0 0 1 0 0 1 0 0 1 0 0 0 
0 1 1 1 0 0 0 0 0 0 0 1 0 0 1 
0 0 0 0 1 0 1 0 0 0 0 0 1 0 0 
0 0 0 0 0 0 0 0 1 0 0 0 0 0 0 
0 0 0 1 0 0 0 0 0 0 0 0 0 1 1 
0 0 0 0 0 0 0 0 0 1 1 1 0 0 0 
0 0 0 0 1 0 0 1 0 1 1 0 0 0 0 
0 0 0 0 0 1 1 0 0 0 0 0 1 0 0 
0 1 0 0 0 0 0 0 0 0 0 0 0 0 0 
1 0 0 0 0 0 0 0 0 1 0 0 0 0 0 
0 0 0 1 0 0 1 0 0 0 1 0 0 0 0 
1 0 0 0 0 0 1 0 1 0 1 0 0 1 1 
0 0 0 0 0 0 0 0 0 0 0 1 0 0 0 
