15 20 15
71 50 69 49 57 58 57 88 56 59 54 45 55 92 65 82 84 57 58 37 
39 3 17 25 40 2 45 22 34 40 6 25 38 45 52 
0 1 1 1 1 1 0 1 1 1 0 0 1 0 1 
0 0 1 1 1 1 1 1 1 0 0 0 0 0 0 
1 0 0 1 0 0 1 1 1 0 1 0 0 0 0 
1 0 0 0 0 1 0 1 1 0 1 0 1 0 0 
0 0 1 1 1 1 1 1 0 0 1 0 0 1 1 
0 1 1 0 0 1 1 0 1 1 1 1 0 0 1 
0 0 1 1 1 1 0 0 1 1 1 1 1 1 1 
0 1 0 0 1 0 1 1 0 0 1 1 0 0 1 
1 1 0 0 0 1 1 0 0 0 0 1 0 1 0 
1 0 1 1 1 0 1 1 1 1 1 1 0 1 0 
0 0 0 0 0 0 0 1 0 1 0 0 1 0 0 
1 0 0 0 0 1 1 1 1 0 1 0 1 0 0 
0 1 1 0 0 1 0 1 0 0 1 0 0 0 1 
1 0 1 0 1 0 0 1 1 0 1 1 0 1 1 
1 1 0 1 0 0 0 1 0 1 1 0 1 1 0 
0 0 1 1 0 0 1 0 0 1 1 1 0 0 0 
1 0 1 1 0 0 0 1 1 1 0 0 0 0 1 
1 0 0 0 0 1 0 1 0 0 1 0 0 0 1 
0 0 0 0 1 1 0 1 1 1 1 0 0 0 1 
0 1 1 0 0 1 0 0 1 0 1 0 0 0 0 
