15 15 10
74 62 70 69 72 43 55 66 68 83 75 88 90 69 72 
55 57 43 43 57 58 39 50 38 23 28 18 2 5 18 
0 0 0 0 1 1 0 0 0 0 1 0 0 1 0 
1 0 0 1 1 0 0 1 0 1 1 1 1 1 0 
1 0 0 1 0 1 1 0 0 1 0 0 1 1 0 
0 1 1 0 1 0 0 0 1 0 0 0 0 0 0 
0 0 0 1 1 1 0 0 0 0 0 1 0 0 0 
0 0 1 0 0 0 1 0 0 0 0 1 0 0 0 
0 0 0 1 0 0 0 0 1 1 0 0 1 0 1 
0 1 1 0 0 0 0 0 1 0 0 1 1 0 1 
0 1 1 0 1 0 1 0 0 1 0 1 0 0 0 
1 1 1 0 0 0 1 1 1 0 1 0 1 0 0 
0 0 0 1 0 0 1 1 1 0 0 1 0 1 0 
1 0 0 0 0 0 1 0 1 1 0 0 0 0 1 
1 0 0 1 0 1 0 0 0 0 0 0 0 0 0 
0 1 0 0 1 0 1 0 1 1 0 0 0 0 0 
0 1 1 1 0 0 1 0 0 1 1 0 0 0 1 
