15 15 10
79 62 69 54 71 24 58 54 56 86 67 60 89 51 54 
25 17 20 46 50 57 7 19 50 6 50 6 26 56 9 
0 0 0 0 1 1 0 0 0 0 1 0 0 1 0 
1 0 0 1 1 0 0 1 0 1 1 1 1 1 0 
1 0 0 1 0 1 1 0 0 1 0 0 1 1 0 
0 1 1 0 1 0 0 0 1 0 0 0 0 0 0 
0 0 0 1 1 1 0 0 0 0 0 1 0 0 0 
0 0 1 0 0 0 1 0 0 0 0 1 0 0 0 
0 0 0 1 0 0 0 0 1 1 0 0 1 0 1 
0 1 1 0 0 0 0 0 1 0 0 1 1 0 1 
0 1 1 0 1 0 1 0 0 1 0 1 0 0 0 
1 1 1 0 0 0 1 1 1 0 1 0 1 0 0 
0 0 0 1 0 0 1 1 1 0 0 1 0 1 0 
1 0 0 0 0 0 1 0 1 1 0 0 0 0 1 
1 0 0 1 0 1 0 0 0 0 0 0 0 0 0 
0 1 0 0 1 0 1 0 1 1 0 0 0 0 0 
0 1 1 1 0 0 1 0 0 1 1 0 0 0 1 
