50 40 30
103 90 62 93 93 87 113 81 83 82 61 87 93 68 93 85 80 106 94 96 68 76 81 82 63 85 62 63 63 65 79 88 95 126 103 72 79 77 111 83 
4 13 54 19 38 51 24 4 32 57 24 37 35 17 48 41 35 15 9 14 56 1 48 35 34 5 12 1 55 31 12 5 48 46 36 26 20 53 36 32 45 59 14 17 21 9 59 42 30 3 
0 0 0 1 1 1 1 0 1 0 0 0 1 1 1 1 0 1 1 1 0 1 1 1 0 1 0 1 0 1 1 0 1 1 0 0 1 0 0 0 1 1 1 0 0 0 1 1 1 1 
0 1 1 1 1 1 1 0 1 1 1 1 1 0 1 0 1 0 1 1 1 0 0 0 1 1 0 1 0 1 1 1 1 0 1 1 1 0 0 1 1 1 0 1 0 1 0 0 0 1 
1 1 1 1 0 1 1 0 0 0 0 0 1 1 0 0 0 1 1 1 0 1 1 1 1 0 0 0 1 1 1 1 1 0 1 0 1 1 1 0 1 1 1 0 1 0 1 1 0 0 
1 1 1 1 0 0 1 1 0 0 1 1 1 1 1 1 0 1 1 1 0 1 1 1 1 1 1 1 0 1 1 1 1 0 1 0 1 1 1 1 1 1 1 1 0 1 0 1 1 1 
0 0 1 0 1 1 1 0 0 0 1 0 1 1 0 1 1 1 1 0 0 1 1 0 1 1 1 0 0 1 1 1 0 1 0 0 0 1 1 1 1 1 0 1 1 1 1 1 1 1 
0 1 1 1 0 0 1 1 0 1 1 1 1 1 1 1 1 0 1 1 0 0 0 0 1 0 1 0 1 1 1 1 0 1 1 0 0 1 1 0 1 0 0 0 1 1 1 1 1 1 
0 1 0 1 1 0 0 1 0 0 1 1 0 1 1 0 0 1 0 0 1 0 1 1 1 1 1 1 1 0 1 1 1 1 0 1 1 1 0 0 1 1 1 1 1 0 0 1 1 0 
1 1 0 1 0 1 1 1 0 0 0 1 1 0 1 0 1 1 1 1 0 1 1 1 0 0 1 1 0 1 1 1 1 1 1 0 1 0 0 1 0 1 1 1 1 0 1 1 0 0 
1 1 1 1 1 1 0 0 1 1 1 1 1 1 0 1 1 0 1 1 0 1 0 0 1 1 0 0 0 0 1 0 0 1 1 0 1 0 1 1 0 0 0 0 1 0 0 1 0 1 
1 1 0 0 1 1 1 0 0 1 1 1 1 1 1 1 1 1 1 1 1 1 1 1 1 0 0 1 1 1 0 1 1 0 0 1 1 0 0 1 1 0 0 0 0 1 0 1 1 0 
0 1 1 1 0 0 1 1 1 0 1 1 0 0 0 1 0 0 1 1 1 0 1 1 1 1 1 1 0 1 0 0 1 0 1 0 0 1 0 1 1 0 0 1 1 1 1 1 0 0 
0 1 1 0 0 1 0 1 0 0 0 0 0 1 0 0 1 1 1 0 1 0 0 0 1 1 0 0 1 1 1 0 1 1 1 0 1 1 1 1 1 1 1 0 1 0 1 0 1 1 
1 1 1 1 1 0 0 1 0 0 1 0 0 1 1 1 1 1 0 1 1 0 1 0 0 1 1 1 1 1 0 1 0 0 1 0 1 1 1 0 0 1 1 0 1 0 0 0 1 0 
1 1 0 1 1 1 0 0 1 1 0 1 1 1 0 1 1 0 0 1 0 1 1 0 0 0 0 0 0 1 1 1 1 1 1 1 1 0 0 1 0 0 1 0 0 1 0 1 1 1 
0 0 0 1 1 0 1 0 1 0 1 1 1 1 1 1 1 1 0 1 1 1 1 1 0 1 0 1 0 1 0 1 1 1 0 1 0 0 0 1 0 0 1 0 0 0 1 1 1 1 
1 0 1 0 0 1 0 1 1 0 0 1 0 0 0 0 1 1 0 1 1 1 1 1 0 1 0 0 1 0 1 0 1 1 0 1 1 0 1 1 1 0 0 0 0 0 0 1 0 0 
1 1 1 1 0 0 1 1 1 1 1 1 0 0 0 1 1 1 1 1 0 0 1 1 0 1 0 1 1 1 0 1 1 1 1 0 1 1 1 0 1 1 1 0 1 1 1 1 0 0 
0 1 0 1 0 1 0 1 1 0 1 1 0 1 0 0 1 0 0 0 1 0 0 0 1 1 1 0 0 0 1 0 1 0 1 1 1 1 1 0 0 1 1 1 1 1 1 1 1 1 
0 0 1 1 1 1 1 1 1 0 0 1 1 1 1 1 1 0 0 1 1 1 1 1 0 1 1 0 0 1 1 1 0 1 1 1 1 0 1 1 1 1 1 1 0 1 1 1 1 1 
1 0 0 1 0 1 1 0 1 1 0 1 0 1 1 1 0 0 1 0 0 1 1 1 1 1 1 1 0 1 0 1 0 1 1 1 0 1 1 1 1 1 1 1 1 1 1 1 1 0 
1 1 0 0 0 0 1 1 0 1 1 1 1 1 1 1 1 1 0 0 1 1 1 1 0 1 1 1 1 0 0 0 1 1 0 1 1 0 1 0 1 0 1 0 1 0 0 1 1 1 
1 1 1 1 1 0 1 0 1 1 0 1 0 1 0 0 0 1 1 1 0 1 1 1 0 1 1 1 1 0 1 0 1 1 1 0 1 1 1 0 1 1 0 0 1 0 1 1 1 1 
1 0 1 1 1 1 1 1 0 1 1 1 0 1 0 1 1 1 1 1 1 0 1 1 1 1 0 1 1 0 1 0 1 1 1 1 1 0 1 0 0 0 1 0 1 1 0 0 1 1 
1 1 0 1 1 1 0 0 0 1 1 1 0 0 1 1 0 1 0 1 1 1 1 0 1 0 1 0 0 1 0 1 0 1 1 1 0 1 1 1 1 1 1 0 1 1 0 0 1 0 
1 0 1 0 0 1 1 0 1 0 1 0 1 1 0 1 1 1 0 0 1 1 1 0 0 0 0 1 1 1 0 1 1 1 1 0 1 0 0 0 1 0 0 1 1 1 0 1 0 1 
1 1 0 0 1 1 1 1 1 1 1 0 0 1 1 1 1 0 1 1 1 0 0 0 1 0 0 0 1 0 1 1 1 0 1 1 1 0 1 1 0 0 1 1 0 1 1 1 1 1 
0 0 1 1 1 0 0 0 0 1 1 1 1 1 1 0 1 1 0 1 1 0 0 0 1 1 0 1 1 1 1 1 1 1 1 1 0 0 1 0 1 1 0 0 0 1 1 1 0 0 
0 1 1 0 1 1 1 1 1 0 0 0 1 1 0 1 0 0 0 1 1 0 1 0 1 0 0 1 0 1 0 1 1 1 1 1 1 1 0 1 1 1 0 0 1 1 0 0 1 0 
1 1 0 0 0 0 1 1 1 0 1 1 1 1 1 1 0 0 1 0 0 1 0 0 1 1 1 1 0 1 1 1 1 1 1 0 1 0 1 1 1 0 1 1 1 0 0 1 1 0 
1 0 1 0 0 0 0 0 1 1 1 1 0 0 1 1 1 1 1 1 0 0 1 1 1 1 0 1 1 1 1 0 1 1 0 1 0 1 1 0 0 0 0 1 1 0 0 0 1 0 
0 1 0 1 0 1 1 0 1 0 1 1 0 1 0 0 0 1 1 1 1 0 1 1 0 1 1 1 0 1 1 1 1 0 1 1 0 0 1 0 1 1 0 1 1 1 0 0 0 1 
1 1 0 0 1 1 0 1 0 1 0 0 1 0 1 1 1 1 1 0 1 1 1 0 1 0 1 1 1 0 1 1 1 0 1 0 1 1 1 1 1 0 1 1 0 1 0 1 0 0 
1 1 0 1 0 1 1 0 0 1 1 1 1 1 1 1 0 0 1 1 1 0 0 0 0 0 1 1 0 1 0 1 0 1 0 0 0 0 1 1 1 0 0 1 1 1 1 1 0 1 
1 1 0 0 1 1 1 1 1 1 1 0 1 1 0 1 1 0 0 1 0 1 1 1 0 1 1 1 1 1 0 1 0 0 1 1 1 0 0 1 1 0 1 0 1 0 1 1 1 1 
1 1 0 0 0 1 1 1 1 0 0 0 0 1 0 1 1 1 1 1 0 0 1 1 1 1 1 1 0 1 1 1 1 1 1 0 1 1 1 0 1 0 0 0 1 1 1 0 1 1 
0 1 0 1 1 1 1 1 0 1 1 0 0 0 0 1 0 1 1 1 1 1 1 0 1 1 1 1 0 1 1 1 0 1 0 0 1 1 1 1 1 1 1 0 1 0 0 1 1 0 
0 1 0 1 0 1 1 1 0 1 0 1 1 0 0 1 1 1 1 1 0 0 1 0 0 1 0 1 0 1 1 0 1 1 1 1 1 0 1 0 1 1 0 1 1 0 1 1 1 1 
1 0 1 1 1 1 1 0 1 1 0 1 1 1 1 1 1 1 1 0 0 0 1 0 1 0 1 0 1 1 0 1 1 0 0 0 0 0 1 0 1 0 0 1 1 1 1 0 1 0 
1 1 1 1 1 1 0 0 1 1 0 0 1 0 1 0 1 1 0 1 0 0 0 1 1 1 1 0 1 0 0 1 0 0 1 1 1 1 0 1 1 0 1 1 1 0 0 1 0 1 
0 1 0 0 0 0 1 1 0 1 0 1 0 1 0 1 0 0 1 1 1 0 1 1 1 1 1 1 1 1 0 1 1 0 1 1 1 1 1 0 0 0 1 1 1 0 1 1 1 0 
