50 30 20
113 88 66 98 74 84 78 82 98 112 59 105 101 73 94 107 67 80 109 76 88 87 121 84 89 70 90 57 75 72 
43 20 17 30 12 30 54 55 31 58 34 57 6 12 16 18 15 7 44 50 23 40 44 6 10 18 53 54 30 20 36 14 23 42 51 3 27 47 12 29 54 8 21 47 46 39 48 13 25 21 
0 1 0 1 1 0 0 1 0 0 0 1 1 0 1 0 0 1 1 0 1 1 1 0 0 1 0 0 0 0 0 0 1 0 0 0 0 1 0 0 0 0 1 0 1 0 1 1 0 0 
0 1 1 1 0 0 0 1 0 1 0 0 0 0 0 0 1 0 0 1 0 1 0 1 0 0 1 1 1 1 1 0 1 1 1 0 0 1 0 1 0 1 1 1 1 0 0 0 1 1 
1 0 0 0 0 0 1 0 0 1 0 0 0 0 1 1 0 1 0 0 0 1 1 1 0 1 1 0 0 1 1 0 0 0 0 0 0 0 1 1 1 0 0 0 1 1 0 0 1 1 
1 1 1 1 0 0 0 0 1 0 0 0 0 0 0 0 0 0 0 0 0 1 1 0 0 0 1 0 1 0 1 0 1 0 0 0 1 0 0 0 1 1 0 0 0 0 0 1 0 1 
0 1 1 1 0 0 0 0 1 0 1 1 0 1 0 0 1 1 1 0 0 0 1 1 0 0 1 0 0 0 0 0 0 0 0 1 1 1 1 0 1 0 0 1 0 0 0 0 0 0 
1 1 0 0 1 0 0 1 1 0 1 1 1 0 1 1 0 1 0 1 1 0 0 1 1 0 0 1 0 1 1 0 0 0 1 1 0 0 1 1 1 0 1 0 0 0 0 1 0 1 
0 1 0 0 1 0 1 1 1 1 1 0 1 0 0 0 0 1 0 1 0 0 1 0 0 1 0 1 1 0 1 0 0 1 0 1 0 0 0 0 0 0 1 1 0 1 0 0 0 0 
0 0 1 1 0 1 1 1 1 0 0 1 0 1 0 0 0 1 1 0 0 0 0 0 0 1 1 1 0 1 0 0 1 0 1 0 0 1 0 1 0 1 1 1 1 1 0 0 0 1 
0 0 1 0 1 1 0 0 0 1 0 1 0 0 0 1 0 1 1 0 1 1 1 0 0 1 0 1 0 1 1 0 1 0 0 0 0 1 0 0 0 0 1 0 1 0 1 0 0 0 
0 0 1 0 0 1 1 0 1 0 1 1 1 0 1 1 1 1 1 0 1 1 0 1 1 0 0 1 1 1 0 0 0 0 0 0 1 1 1 0 1 0 0 0 0 0 1 0 0 1 
1 0 0 1 0 1 0 0 0 0 0 1 0 0 0 0 0 0 1 0 0 1 1 1 0 0 0 0 0 0 0 0 1 1 0 1 1 0 0 0 0 1 0 0 0 0 0 1 0 0 
0 0 1 0 0 0 0 0 0 1 1 0 0 1 1 1 0 0 1 0 0 1 0 1 0 0 0 1 1 0 0 1 0 0 1 0 1 1 0 1 1 1 0 1 0 0 0 0 0 0 
0 0 1 1 0 1 0 0 0 0 1 0 0 0 1 1 0 0 1 0 0 1 0 0 1 1 1 0 0 1 0 1 0 0 1 0 0 0 1 0 0 1 1 1 0 1 0 1 0 1 
0 0 1 0 0 1 0 1 0 1 0 1 1 0 0 0 1 0 0 1 1 0 1 0 1 1 0 0 1 1 0 0 0 0 0 0 0 1 0 1 0 0 1 0 0 1 1 1 0 0 
0 0 1 0 0 1 0 0 1 0 0 0 0 1 0 0 1 0 0 0 0 1 0 1 1 0 1 1 1 0 0 0 0 0 1 0 1 1 0 0 1 0 1 0 0 1 1 0 0 0 
0 0 1 0 1 1 0 0 1 1 0 0 1 0 1 0 1 1 0 1 0 0 1 0 0 1 1 0 0 1 0 0 1 1 0 0 1 0 0 1 0 0 1 0 0 1 1 0 1 1 
1 0 0 1 0 1 0 1 0 0 0 1 1 0 0 0 1 0 1 0 0 0 0 1 0 0 0 0 0 0 0 0 0 1 0 1 0 0 0 0 1 0 0 0 0 0 1 1 0 0 
0 1 1 0 1 0 0 1 1 0 1 1 0 1 0 1 0 0 1 1 0 1 0 0 0 1 1 1 0 1 0 0 0 1 0 0 0 1 0 1 0 1 0 0 1 1 1 1 1 0 
1 0 1 0 0 0 1 1 0 1 0 1 1 0 1 1 1 0 1 0 1 0 0 0 0 1 0 1 1 1 1 0 0 0 0 1 0 0 1 1 0 0 0 1 1 0 0 0 1 0 
0 0 0 1 0 0 0 0 1 1 0 0 1 1 0 1 1 1 0 0 1 0 1 0 1 1 1 1 0 0 1 0 0 1 0 0 0 0 1 1 0 0 0 1 1 0 1 1 1 0 
0 0 0 0 0 0 1 0 0 1 1 0 0 1 0 0 1 0 1 0 0 0 0 1 0 1 0 0 1 1 0 0 0 0 0 1 0 0 0 0 0 0 0 0 0 1 1 0 0 1 
0 1 0 0 0 1 1 0 0 0 0 1 0 0 1 0 0 1 0 1 0 0 1 0 0 0 1 1 1 0 1 1 0 0 1 1 0 0 1 0 0 0 0 1 1 1 0 1 1 1 
1 0 0 0 1 1 0 1 1 0 0 0 1 1 1 0 0 0 1 0 0 1 0 1 1 1 1 0 1 0 0 0 1 0 0 1 1 0 0 1 0 0 1 0 0 0 1 0 0 0 
0 1 0 0 0 1 0 1 0 1 0 1 1 0 1 0 1 1 1 0 0 0 0 1 0 0 0 1 0 0 1 1 0 1 1 0 0 1 0 1 1 1 1 0 0 1 0 1 0 0 
1 0 0 1 0 1 0 0 0 1 1 1 1 0 0 0 1 1 0 1 1 1 0 1 0 1 0 0 0 1 0 1 0 0 0 0 1 0 0 1 0 0 1 0 0 0 0 0 0 1 
0 0 1 0 0 1 1 1 0 0 0 1 0 1 1 1 0 0 0 0 0 1 1 0 1 0 0 0 1 0 0 0 0 0 0 1 0 0 0 0 0 0 0 1 0 1 0 1 1 0 
0 1 0 0 0 1 0 0 0 0 1 0 0 1 1 1 0 0 1 0 1 1 1 0 0 0 0 0 1 1 1 1 0 1 1 0 0 0 1 1 0 0 0 1 0 1 0 1 1 0 
0 1 0 1 1 1 0 1 1 0 1 0 1 0 0 0 0 0 0 0 1 1 0 1 1 1 1 1 0 1 1 1 0 1 1 1 0 0 1 0 0 0 0 1 1 0 1 0 1 1 
1 0 1 1 1 0 0 1 0 0 0 1 1 1 0 0 1 0 0 1 1 0 0 0 0 0 0 0 1 0 0 1 0 1 0 0 0 1 1 0 0 1 1 0 0 0 0 1 0 0 
0 0 1 0 1 0 0 0 0 0 1 0 1 0 1 1 0 1 0 0 0 0 0 1 0 0 1 1 0 1 0 0 1 0 0 0 0 0 1 0 0 0 0 1 0 1 0 1 0 0 
