50 40 30
84 83 75 77 96 99 100 87 70 70 73 72 72 107 56 94 59 61 72 94 96 61 56 92 99 87 73 66 88 107 80 93 82 89 75 101 88 55 90 79 
20 34 38 22 50 12 25 23 12 22 31 8 35 48 42 42 41 17 34 51 43 47 11 42 31 27 8 40 47 7 40 35 27 37 22 46 56 3 57 14 54 14 22 49 37 24 52 54 48 2 
0 1 0 1 0 0 0 0 0 0 0 0 1 1 1 0 0 0 0 1 0 0 1 1 1 0 0 1 0 0 1 1 0 0 0 0 0 0 0 1 0 1 0 0 0 0 1 0 0 0 
0 1 0 0 0 0 0 0 0 0 0 0 1 1 0 0 1 0 0 0 0 0 0 0 1 0 0 0 0 1 1 1 0 1 1 0 0 0 0 0 1 1 1 1 0 0 1 0 1 0 
0 0 0 0 0 0 0 1 0 1 0 0 1 0 1 0 0 1 0 0 1 0 0 0 1 1 0 0 1 0 1 1 0 1 1 0 0 1 0 0 0 0 0 1 0 0 1 0 0 1 
0 1 0 1 0 0 0 0 1 0 0 1 1 0 1 1 0 0 0 0 1 0 0 1 0 1 0 0 1 1 1 1 1 1 0 0 0 0 0 0 0 1 1 1 0 0 0 0 1 0 
1 0 0 0 0 1 0 0 1 0 1 0 0 1 0 0 0 0 1 0 0 1 1 0 0 1 0 0 0 1 0 1 1 0 1 0 0 0 0 0 0 0 0 0 0 0 1 0 0 0 
0 1 0 0 0 0 0 0 1 1 0 0 1 0 0 0 0 0 1 0 1 1 0 0 0 0 0 0 0 0 0 0 0 0 0 1 0 0 1 0 0 0 0 0 0 0 0 0 0 0 
0 0 1 0 0 0 0 1 0 0 0 1 0 0 0 1 0 0 0 0 0 0 0 0 1 0 0 0 0 1 1 0 0 0 1 0 0 0 0 0 0 0 0 0 0 1 1 1 0 0 
0 0 0 0 0 1 0 0 1 0 1 0 0 1 0 1 0 1 1 0 1 1 0 0 1 0 0 0 0 0 0 1 0 0 1 1 0 1 0 0 0 0 1 0 0 0 1 0 0 0 
1 0 0 1 0 0 0 1 0 1 0 1 0 1 0 0 1 1 1 1 0 1 0 0 1 0 0 0 0 1 0 0 0 0 1 0 0 0 0 0 0 0 1 0 0 0 1 0 0 0 
0 0 0 0 0 0 0 0 0 0 1 0 0 1 0 0 0 1 0 1 0 0 0 1 0 0 0 0 0 1 0 0 1 1 0 0 0 0 0 1 0 1 0 1 1 1 1 0 0 0 
0 0 0 0 0 0 0 1 0 1 0 0 0 0 0 0 0 0 0 0 0 1 0 1 0 0 0 0 0 1 0 0 1 0 0 0 0 0 0 0 0 0 0 0 0 1 0 1 0 0 
0 1 1 0 0 0 0 0 0 1 1 0 0 0 0 0 0 0 1 0 0 0 0 1 1 0 1 0 0 1 0 0 0 0 1 0 0 1 0 0 0 0 1 1 0 0 0 0 0 0 
0 0 1 0 0 0 0 0 1 0 0 0 0 0 0 0 1 0 1 1 0 0 1 0 1 0 0 0 0 0 0 0 0 0 0 0 0 1 0 0 0 1 0 1 0 0 1 0 1 0 
0 1 0 0 0 0 1 0 0 0 1 0 0 0 0 0 0 0 1 0 0 0 0 0 0 0 1 0 0 1 1 0 0 1 1 0 0 1 0 0 1 1 0 0 0 0 0 0 0 0 
0 0 0 0 0 0 0 1 0 0 0 0 1 1 1 0 1 0 0 0 0 0 1 0 0 1 0 0 0 1 1 0 0 1 1 0 0 0 0 0 0 0 1 1 0 1 0 0 0 0 
0 1 1 0 0 0 0 1 0 1 0 0 0 1 1 0 1 1 0 0 0 0 1 1 1 1 0 0 0 1 0 1 0 0 1 0 0 1 1 0 0 1 1 0 0 0 1 0 0 0 
0 0 0 0 1 0 0 1 1 1 1 1 0 0 1 1 1 0 1 0 1 1 0 0 0 1 0 0 0 1 0 0 0 1 0 0 1 0 0 0 0 0 0 0 0 0 0 0 1 0 
0 1 0 1 0 0 0 0 0 1 1 1 0 0 1 0 1 0 0 0 0 0 0 0 1 0 0 1 1 0 0 0 0 0 0 1 0 1 0 0 0 0 1 1 0 1 0 0 1 1 
0 0 0 0 0 0 0 1 1 0 1 1 1 0 0 0 1 1 0 0 0 0 0 1 1 0 1 0 0 0 1 1 0 0 1 0 1 1 0 0 0 0 0 1 0 1 0 0 1 0 
1 1 1 0 0 0 0 1 1 0 0 0 0 1 0 0 0 1 1 0 0 0 0 1 1 0 0 0 0 0 0 0 0 0 0 0 0 0 0 1 0 1 1 0 0 0 0 1 0 1 
1 0 0 0 0 0 0 0 0 0 0 0 0 0 0 0 0 0 0 1 1 1 0 0 1 1 1 0 0 1 1 1 0 0 0 0 0 0 0 0 0 0 0 1 0 0 1 0 0 1 
0 1 1 0 0 0 0 1 0 0 0 0 0 0 0 0 1 1 0 0 0 1 1 1 0 1 0 0 0 1 0 0 0 0 0 0 0 1 1 1 0 1 0 1 1 0 1 1 0 0 
0 1 0 1 0 1 0 1 1 0 0 0 1 0 0 0 0 0 1 0 0 1 0 1 0 0 1 1 0 0 0 0 0 0 1 0 0 0 0 0 0 0 1 1 0 0 0 0 0 0 
1 0 0 0 0 0 0 1 0 1 0 1 0 1 0 0 0 0 0 0 0 0 0 1 0 1 0 0 0 0 0 0 1 0 1 0 1 1 0 1 0 1 1 1 0 0 1 1 0 0 
0 1 0 0 1 0 0 1 1 1 1 0 0 0 0 0 0 1 0 1 0 0 0 0 0 0 0 1 1 1 0 1 1 1 1 0 0 0 0 0 0 1 1 0 1 0 0 0 0 0 
0 0 0 1 0 0 0 0 1 0 1 0 0 1 1 1 0 0 0 1 1 1 0 1 0 0 1 0 0 0 0 1 0 0 0 0 0 0 1 0 0 0 0 0 0 0 0 0 0 0 
0 0 0 0 1 0 1 1 1 1 0 0 1 0 0 0 0 0 0 0 1 0 0 0 1 0 0 0 0 0 1 1 0 0 0 0 0 0 0 0 0 0 1 1 0 0 0 0 0 0 
0 0 1 1 0 0 0 0 1 1 1 1 0 0 1 0 1 1 0 0 0 0 0 0 1 0 0 0 0 0 0 0 1 1 0 0 0 0 0 0 0 0 0 1 0 0 0 0 0 1 
0 0 0 0 0 0 0 1 0 1 1 0 0 0 0 0 1 0 1 1 0 1 0 1 0 0 0 1 1 0 0 0 0 1 1 0 1 0 0 0 0 1 0 1 0 0 0 0 0 0 
0 0 1 1 0 1 0 0 1 1 0 1 0 0 1 0 1 0 1 0 0 1 0 0 0 1 1 1 0 0 0 0 1 0 1 0 0 0 0 0 1 0 0 0 0 1 1 0 0 0 
0 0 0 0 0 0 0 1 0 1 0 0 1 0 0 0 0 0 0 0 0 0 0 0 0 0 1 1 0 0 0 0 0 0 0 0 0 0 0 1 0 0 0 0 1 0 1 0 0 0 
1 0 1 1 0 0 0 0 0 0 0 0 1 0 0 0 0 0 1 0 0 1 0 0 0 0 1 0 1 0 1 0 1 1 0 0 0 0 0 0 0 0 1 1 0 0 0 0 0 1 
0 1 1 1 0 1 0 0 1 1 0 1 1 0 1 0 0 0 0 0 0 0 0 1 0 0 0 0 0 0 0 1 0 0 0 1 0 0 0 0 0 1 1 0 0 0 1 0 0 0 
0 0 0 1 0 0 0 1 0 0 0 0 0 1 0 0 1 0 1 0 0 0 1 0 0 0 1 0 1 0 1 0 1 0 0 0 0 1 1 0 0 1 0 1 0 0 0 0 0 0 
0 0 0 0 1 1 1 0 0 0 0 0 1 1 0 1 1 0 0 0 1 0 0 0 1 1 0 1 0 1 1 1 0 0 0 0 1 0 0 0 0 1 1 0 1 0 0 0 1 0 
0 1 1 0 0 0 0 0 0 0 0 0 0 0 1 0 1 0 0 1 0 0 1 1 1 0 0 0 0 1 1 0 0 0 0 0 1 0 0 1 0 0 0 0 0 1 0 1 0 1 
1 1 0 0 0 0 0 0 0 0 0 0 0 0 0 0 1 1 0 0 0 0 0 0 1 0 0 0 0 1 1 1 0 1 0 0 0 1 0 0 1 1 0 1 0 0 1 0 0 0 
0 1 0 0 0 0 0 1 0 1 0 0 1 0 0 0 1 0 0 0 1 0 0 0 1 1 1 1 1 0 1 0 0 0 0 1 0 0 0 1 0 0 1 0 0 0 0 1 0 1 
0 1 1 1 0 0 0 1 1 0 1 1 1 1 0 1 0 1 1 0 1 1 0 0 1 0 1 0 1 0 0 1 0 1 1 0 0 0 0 0 1 1 0 1 0 0 0 1 0 0 
0 0 0 1 0 0 1 0 1 0 0 0 0 0 0 0 1 0 0 0 0 1 0 0 0 0 1 0 1 0 0 1 0 0 0 0 0 0 1 0 1 1 0 0 0 1 1 0 0 0 
