50 40 30
99 92 112 94 60 65 91 82 79 98 86 71 87 77 75 101 94 100 93 99 101 62 110 88 88 88 96 77 66 87 96 90 78 80 85 106 98 66 95 78 
47 16 11 40 8 35 54 56 39 14 31 1 49 12 34 59 36 47 4 49 43 43 1 40 38 8 52 38 55 24 8 15 24 17 22 1 40 46 24 53 9 35 16 58 14 5 57 28 17 50 
1 1 1 1 0 0 1 1 0 0 0 1 1 1 1 1 1 1 0 1 1 0 1 0 1 0 0 1 0 1 1 1 0 0 1 0 0 1 0 1 1 0 1 1 1 1 1 0 1 0 
1 1 1 1 0 0 1 1 0 0 1 0 1 1 0 1 0 1 1 1 1 1 1 0 1 1 1 1 1 1 1 1 1 1 0 0 0 1 1 1 1 0 0 0 1 1 0 1 0 1 
1 0 0 0 1 1 0 0 1 0 1 1 0 0 1 1 1 1 1 1 1 0 1 0 1 1 0 0 1 0 0 1 0 1 0 0 0 1 0 1 1 0 1 0 1 1 0 1 0 0 
1 1 1 0 1 0 1 1 0 1 0 0 1 1 1 1 1 1 0 1 0 1 0 1 1 1 1 0 0 1 1 1 1 0 1 1 1 1 1 0 0 1 1 0 0 0 1 0 0 0 
1 1 1 1 1 0 1 0 0 0 1 0 1 0 0 1 1 1 1 0 1 1 0 1 1 1 1 1 1 0 1 0 0 1 1 0 1 1 1 0 0 1 0 1 1 1 0 1 1 0 
1 1 1 0 0 1 1 0 1 0 0 1 0 1 1 1 1 0 1 1 1 0 1 1 0 0 1 1 1 1 1 0 1 1 0 1 0 1 1 1 0 1 1 1 1 1 1 1 1 0 
1 1 1 1 1 0 0 1 1 0 1 1 0 1 0 1 0 0 1 0 1 0 0 1 0 1 1 0 1 0 1 1 1 0 1 1 0 1 0 1 1 1 1 1 0 0 0 0 0 0 
0 1 0 0 0 1 1 1 0 0 0 1 1 1 1 1 1 0 1 1 0 0 0 0 1 1 1 0 1 1 0 1 0 1 1 1 1 0 1 1 1 1 0 1 1 1 1 0 0 0 
0 1 1 1 1 1 0 0 1 1 0 1 0 1 0 1 0 1 0 1 1 0 1 0 0 1 0 0 0 0 1 1 1 1 1 0 0 1 1 0 1 0 0 1 0 1 0 0 0 0 
0 1 1 1 1 0 0 0 1 1 0 0 1 0 1 1 1 0 0 0 0 1 1 0 1 0 0 0 1 0 0 0 1 1 1 1 1 1 0 0 1 1 1 0 1 1 0 0 1 1 
0 0 1 1 1 0 0 0 0 1 0 1 0 1 1 1 0 1 1 0 1 1 1 1 0 0 1 1 1 1 1 1 1 1 0 0 1 0 0 0 0 1 0 1 1 0 0 0 1 1 
1 1 0 1 1 0 1 1 1 1 1 1 1 1 1 0 1 0 1 1 1 1 1 1 1 0 1 1 1 0 1 1 1 1 1 1 1 1 1 0 1 0 1 0 1 1 0 0 1 1 
1 0 0 0 1 0 0 0 1 0 0 1 1 1 0 0 0 1 0 0 1 1 0 1 0 1 0 1 0 1 1 1 0 0 1 1 1 0 1 0 1 0 1 1 1 1 1 1 0 1 
1 0 1 1 1 0 1 1 0 0 0 1 1 1 0 0 1 1 1 1 1 0 1 1 1 1 0 1 0 1 1 0 1 1 0 0 1 0 1 1 0 1 0 1 1 1 1 0 0 0 
1 1 1 0 0 1 1 1 1 1 0 0 1 1 0 0 1 0 1 1 0 1 1 1 0 1 0 1 1 0 1 0 1 0 1 0 0 0 0 1 1 1 0 0 1 0 1 1 1 1 
0 1 1 0 0 0 0 1 1 1 1 0 1 0 0 1 1 1 0 1 1 1 1 0 1 1 0 1 1 1 0 1 1 1 1 0 0 1 1 1 0 0 1 0 0 1 1 0 1 0 
1 0 1 0 0 1 1 1 1 1 1 0 1 1 1 1 0 0 0 1 0 1 1 1 1 1 0 1 1 1 1 0 1 1 0 0 1 0 0 0 0 0 0 0 0 1 1 0 1 1 
0 0 1 1 1 1 1 1 1 1 1 0 0 1 0 0 1 1 1 0 1 1 1 1 1 1 0 1 1 0 1 1 0 1 1 1 0 1 0 1 1 0 0 1 1 1 1 1 0 1 
1 0 1 1 1 1 1 0 1 1 0 1 1 1 1 1 1 1 1 1 1 0 1 1 0 1 1 1 1 0 1 1 0 1 1 1 1 1 1 1 1 1 0 1 1 1 0 1 1 0 
1 1 1 0 1 1 1 1 1 0 1 1 1 1 1 1 0 1 0 1 1 1 0 1 0 1 1 1 1 0 0 0 1 1 1 1 0 0 0 1 1 1 0 0 0 0 0 1 1 0 
1 1 0 0 0 0 1 0 1 1 1 1 0 1 0 1 1 1 1 0 1 1 0 1 1 0 0 1 1 1 0 1 1 1 1 1 1 1 0 1 0 0 1 0 1 1 0 1 0 1 
1 0 0 0 1 1 1 1 0 1 0 1 1 1 0 0 1 1 1 0 0 1 1 1 0 1 0 1 1 1 1 1 0 1 1 0 1 0 0 0 1 1 1 0 0 1 0 1 0 0 
1 0 1 1 1 1 1 1 1 1 0 1 1 1 1 1 1 0 1 1 1 0 1 0 1 0 1 0 1 1 1 1 1 0 1 0 0 1 1 0 1 1 0 0 1 1 1 0 1 1 
1 0 0 0 0 1 1 1 1 1 1 1 1 1 1 0 1 0 1 1 1 1 1 0 1 1 1 1 1 1 1 1 0 0 0 1 0 0 1 1 1 1 0 1 0 0 0 1 1 0 
1 1 1 1 1 1 0 1 0 1 1 1 1 1 1 0 1 0 0 1 1 1 1 0 1 1 1 1 0 0 1 1 1 0 0 0 0 1 1 0 0 0 0 1 1 0 1 0 0 1 
1 0 0 1 0 1 1 1 0 0 1 1 0 0 0 1 0 0 1 1 1 1 1 1 1 1 1 0 1 1 1 1 1 0 1 1 1 1 0 0 1 1 0 1 0 1 0 0 1 1 
1 0 0 0 1 1 1 1 0 1 1 1 0 0 0 0 1 1 1 1 0 0 1 1 0 1 1 0 1 0 1 1 0 1 1 1 1 1 0 1 0 1 1 1 0 1 1 1 0 1 
0 0 0 1 0 1 0 0 1 0 1 1 1 1 1 1 0 1 0 1 0 1 1 1 0 1 1 0 0 1 1 1 0 1 1 1 0 0 0 1 1 0 0 1 0 1 1 0 0 1 
1 0 0 1 0 1 0 0 1 1 0 1 1 0 1 0 0 0 0 1 1 1 0 0 0 0 1 1 1 1 0 0 0 1 1 1 1 1 1 0 0 1 1 0 1 1 1 1 0 0 
0 0 1 1 0 0 0 1 1 1 1 0 0 1 0 1 0 1 1 1 1 1 1 0 0 1 0 0 1 1 1 0 0 1 1 1 1 1 1 1 1 1 0 1 1 1 0 1 1 0 
1 0 1 0 0 1 1 0 0 0 1 1 0 0 0 0 1 0 1 0 1 1 1 0 0 0 1 1 1 0 1 1 0 0 1 1 0 0 0 0 1 1 1 1 0 0 1 1 0 1 
0 1 0 1 1 0 1 1 0 0 1 1 1 1 0 0 0 0 0 1 1 1 1 1 1 1 1 0 1 0 1 1 1 0 0 0 0 0 1 0 1 0 1 1 1 1 1 1 0 1 
0 1 0 0 0 0 0 1 1 1 0 1 1 0 1 0 0 0 1 1 0 1 1 1 0 1 1 1 0 1 0 1 1 1 1 1 1 1 1 0 0 1 1 1 0 1 0 1 1 1 
1 0 1 1 0 0 1 1 0 0 1 1 0 1 1 1 0 0 0 0 1 0 0 1 0 1 0 0 1 0 1 1 0 1 0 1 0 0 0 1 0 0 1 0 1 1 0 1 0 0 
1 0 1 1 0 1 1 1 1 1 0 0 1 1 1 0 1 1 0 0 0 1 1 0 1 0 0 1 1 1 1 0 1 1 0 1 1 1 1 1 1 1 0 1 1 1 1 1 0 1 
1 0 1 0 1 1 1 0 0 0 1 0 1 1 0 0 1 0 0 1 1 0 1 0 1 1 0 0 1 0 0 1 1 0 0 0 1 1 0 0 1 1 1 1 0 0 1 1 1 1 
0 1 1 1 1 1 0 1 1 1 1 0 0 0 1 0 1 1 1 1 0 0 0 1 0 0 1 1 0 1 1 1 1 0 1 0 1 0 1 0 1 1 1 0 0 0 1 1 1 1 
1 1 1 1 1 0 0 1 1 0 0 1 0 0 1 1 0 0 0 1 1 1 0 0 0 1 1 0 0 0 1 1 0 1 0 1 1 1 1 1 1 1 1 1 0 0 1 1 0 0 
1 1 0 1 0 0 0 0 1 0 1 0 1 0 1 1 1 1 1 1 0 1 0 1 1 1 1 1 1 1 0 0 1 1 1 1 0 0 0 1 1 1 0 1 1 1 0 1 1 0 
1 1 1 0 1 0 0 0 1 1 1 1 1 1 1 0 0 0 1 1 1 1 0 1 0 0 1 0 1 1 1 1 0 0 1 1 1 1 1 1 1 0 0 1 1 1 1 1 1 0 
