50 40 30
76 93 92 94 79 104 93 97 99 59 103 113 95 70 94 105 127 111 78 62 92 74 92 92 65 65 109 95 85 75 68 74 63 117 72 89 66 94 80 59 
8 42 19 52 18 55 23 53 3 47 31 24 52 27 55 41 35 26 57 18 58 5 57 50 20 53 11 57 37 9 24 56 45 13 30 34 35 7 54 56 20 20 25 44 6 52 56 7 25 11 
1 1 0 1 0 0 0 0 0 1 1 1 1 1 1 1 1 1 1 1 1 1 1 1 1 1 1 1 0 0 1 0 1 0 1 0 1 0 1 1 1 1 1 1 0 1 1 1 1 1 
1 1 0 0 1 0 1 1 1 0 0 0 1 0 1 0 1 1 1 1 0 1 1 0 1 1 0 1 0 1 0 1 1 1 0 1 1 1 0 1 1 0 1 1 0 1 1 0 1 0 
0 1 1 0 1 0 1 1 1 0 0 1 1 0 0 0 0 1 1 1 0 1 1 1 1 1 1 0 1 1 1 0 0 0 1 1 1 1 0 0 0 1 1 0 0 0 1 0 1 0 
0 0 1 0 0 0 0 0 1 0 0 1 1 1 1 1 1 0 1 1 1 1 1 1 0 1 0 1 0 1 1 0 1 1 0 1 0 0 0 0 0 0 0 1 1 1 1 1 1 1 
1 1 1 1 0 0 1 1 0 1 1 1 1 0 1 1 1 0 1 1 1 0 1 1 1 1 1 1 0 0 1 1 0 1 1 0 1 1 1 1 0 0 1 1 0 1 1 1 1 1 
1 0 0 1 1 0 0 0 1 0 0 1 1 1 1 1 0 1 1 1 1 1 1 1 0 1 1 1 1 0 1 0 1 1 0 0 1 1 0 1 0 1 0 0 1 0 1 0 0 1 
0 1 0 0 1 0 0 1 1 1 1 0 1 1 1 1 0 1 1 0 0 1 1 0 1 0 1 1 0 1 0 1 0 1 1 1 0 1 0 0 1 1 1 0 1 1 1 1 1 0 
1 1 1 1 1 0 1 0 0 1 0 0 1 0 1 0 1 1 1 1 0 1 0 0 1 0 1 1 0 0 1 1 0 1 0 1 1 1 0 0 0 1 1 1 1 1 1 1 1 1 
0 1 1 1 1 1 0 0 1 1 0 0 1 1 1 0 0 1 1 1 0 0 0 1 0 1 0 1 0 0 0 0 1 0 0 0 1 1 1 1 0 0 1 0 0 0 0 1 1 1 
0 1 1 1 1 1 0 1 1 0 0 1 1 0 1 0 0 1 1 1 1 1 0 1 0 0 1 1 0 1 1 1 1 1 0 0 0 1 1 1 1 0 1 0 0 1 1 0 0 1 
0 1 1 1 0 0 1 0 0 1 1 1 0 1 1 0 1 1 1 1 0 0 1 1 1 1 1 1 1 0 1 1 0 1 1 0 0 1 0 0 1 1 1 0 0 1 1 1 1 1 
0 0 0 1 1 1 1 1 1 1 1 0 1 1 1 0 0 1 1 1 1 1 1 1 0 1 1 0 1 1 1 1 1 1 1 1 1 1 1 1 0 1 1 1 1 1 1 0 1 0 
0 1 1 1 1 1 1 1 1 1 1 1 1 1 0 0 1 1 0 1 0 0 1 1 1 0 0 1 1 0 1 1 1 1 1 1 1 0 1 1 0 1 0 0 1 1 1 1 1 1 
0 0 0 0 1 1 1 1 0 0 0 1 0 1 1 1 1 0 1 0 0 1 0 1 0 0 1 1 0 0 1 1 1 1 1 0 1 0 0 1 1 1 1 1 0 1 1 1 1 1 
1 1 0 0 1 0 1 1 1 1 0 1 1 0 1 0 1 0 1 1 1 1 1 1 0 1 0 0 1 0 1 0 1 1 0 1 1 1 0 0 1 0 1 0 0 1 1 1 0 0 
0 0 0 1 0 1 1 1 1 1 1 1 1 0 1 1 1 1 1 1 1 0 0 1 1 1 0 1 1 0 1 0 1 0 1 1 0 1 0 1 0 0 1 1 0 1 1 1 1 1 
1 1 0 1 1 0 0 1 1 1 0 1 1 0 1 0 1 1 1 1 0 1 1 1 0 1 1 0 1 1 0 0 1 1 1 1 1 0 1 0 0 1 1 1 1 1 1 1 1 0 
1 1 1 1 1 1 1 1 0 1 1 1 1 1 0 1 0 0 1 1 0 1 1 1 0 0 1 0 1 1 0 1 1 1 1 1 1 1 1 0 0 1 0 1 0 1 0 1 1 0 
1 1 1 1 1 0 1 1 0 1 0 0 1 0 0 0 1 1 1 1 0 1 1 1 0 0 1 1 1 1 0 0 1 0 0 0 1 0 1 1 1 1 1 1 1 0 1 1 0 1 
1 1 1 1 1 1 0 1 1 0 1 1 1 1 1 0 1 1 1 0 1 1 1 1 1 1 0 1 0 1 1 1 0 1 0 0 1 0 1 0 1 1 1 1 1 0 0 0 1 0 
1 1 0 0 0 1 0 1 1 1 1 1 0 1 0 1 0 0 1 1 1 1 0 0 1 0 1 0 1 0 1 1 0 0 1 1 1 0 1 1 1 1 1 1 1 1 1 1 1 0 
0 1 1 0 0 1 1 1 0 0 1 0 1 1 1 0 1 0 1 1 1 1 1 0 1 1 1 1 1 1 0 1 1 0 0 1 1 0 1 0 1 0 0 1 0 0 1 1 1 1 
1 1 1 0 1 1 0 1 1 1 1 0 1 1 0 1 1 1 0 0 1 1 0 1 0 1 0 0 1 1 1 1 1 1 1 0 1 0 0 1 0 1 1 1 1 1 1 1 1 0 
0 0 1 1 0 1 0 0 0 1 0 1 1 1 0 1 1 1 1 0 1 1 0 1 0 1 1 1 1 1 1 1 1 1 0 1 1 1 1 1 1 0 0 1 1 1 0 1 0 0 
1 0 0 0 1 0 1 0 0 1 1 0 1 0 0 0 1 0 1 1 1 0 1 0 0 1 1 1 0 0 1 0 1 1 0 0 0 1 1 1 0 1 1 0 1 0 1 0 0 0 
1 1 0 1 1 1 0 1 1 1 1 1 0 1 1 1 1 1 1 0 0 1 1 1 1 1 0 1 1 0 1 0 1 1 1 1 1 1 1 1 1 0 0 1 0 1 1 1 1 0 
1 1 1 1 1 0 1 1 1 1 0 1 1 1 0 0 1 1 0 1 1 1 1 1 1 1 1 1 0 1 1 1 1 1 0 1 0 0 0 1 0 0 0 1 0 1 1 1 1 1 
0 1 0 1 0 1 1 0 1 1 1 1 1 0 0 1 1 0 0 1 1 0 0 1 1 0 1 1 1 1 0 1 0 1 0 1 1 1 0 1 1 0 1 0 1 1 0 0 0 1 
0 0 1 0 1 1 1 1 1 1 1 0 0 1 0 1 0 1 0 1 0 1 1 1 1 0 1 1 1 0 1 1 1 1 1 1 1 1 1 1 1 0 1 0 1 1 0 1 1 1 
0 1 1 1 1 1 1 1 0 0 1 0 1 1 1 1 1 1 0 1 0 1 1 0 0 1 1 1 0 0 1 1 1 1 1 0 0 1 1 1 1 1 0 1 1 1 1 1 1 0 
0 0 1 1 1 0 1 1 1 1 0 1 1 0 0 0 1 0 1 1 0 1 1 0 1 1 1 0 0 0 1 0 1 0 1 1 1 0 1 0 1 1 1 1 0 1 1 0 1 0 
0 0 0 1 1 1 1 0 1 1 1 1 0 1 1 0 1 1 0 0 0 0 0 1 1 1 0 1 1 0 0 1 0 0 1 0 0 1 1 0 0 0 1 1 1 1 1 0 1 1 
1 1 1 1 1 1 1 0 0 1 0 0 0 0 1 0 1 0 0 1 0 1 0 1 0 1 1 0 0 0 0 1 1 1 1 0 0 0 0 1 0 1 1 1 1 1 1 1 0 1 
1 1 1 1 0 0 1 0 1 1 0 1 0 0 1 1 1 1 0 1 1 1 1 1 1 1 1 1 0 0 1 0 0 0 1 0 1 1 1 0 1 0 1 1 0 1 0 1 0 1 
1 1 1 0 0 1 1 1 0 1 1 1 1 1 1 0 0 1 1 1 1 0 1 0 1 1 0 1 0 1 1 1 0 1 0 1 1 0 1 1 0 1 0 1 0 0 0 1 1 0 
0 1 1 1 1 1 0 1 1 1 1 1 1 1 1 1 1 0 0 0 0 1 1 1 1 0 0 1 1 1 0 1 1 1 0 0 1 1 1 0 1 0 1 1 1 0 1 1 0 0 
1 1 1 1 1 1 1 1 1 0 0 1 1 1 1 1 1 1 1 0 1 0 1 1 1 0 0 0 1 1 1 1 1 1 1 1 0 0 0 1 1 1 1 1 0 0 0 1 0 1 
1 0 1 0 1 1 1 1 1 1 1 1 0 0 1 1 1 1 1 1 1 1 1 1 1 1 0 1 0 1 1 0 1 1 0 0 1 1 0 1 0 0 0 1 0 0 1 1 0 1 
0 1 0 1 1 0 1 0 1 1 1 0 1 0 1 1 1 1 1 1 1 1 1 1 1 1 1 1 1 1 1 1 0 1 0 1 1 1 0 0 0 0 1 1 0 1 0 0 1 1 
1 0 1 1 1 0 0 1 1 1 1 1 0 1 0 0 1 1 1 0 1 1 1 0 1 1 1 1 0 1 1 1 0 0 0 1 1 1 1 1 0 1 1 1 1 1 1 0 0 0 
