50 30 20
96 79 87 69 97 74 89 90 83 91 71 101 85 72 83 62 110 117 91 93 94 105 78 74 89 94 80 77 73 62 
4 47 14 6 38 32 10 24 9 43 43 49 20 14 23 35 7 30 31 2 39 55 51 4 23 29 3 2 12 49 50 55 14 59 52 9 53 19 6 39 23 49 48 27 14 42 15 54 41 59 
0 0 0 1 0 0 0 0 0 0 0 0 1 0 1 1 1 0 1 0 1 0 0 0 0 1 0 0 1 0 0 0 1 0 0 0 0 1 0 0 0 1 0 1 0 0 1 1 0 0 
1 1 0 0 0 0 0 1 1 1 1 1 1 1 0 1 1 0 1 0 0 0 0 0 0 0 1 1 0 0 0 1 1 0 0 0 1 0 1 1 1 0 0 0 1 0 1 0 0 0 
1 0 0 0 0 0 1 0 0 0 1 0 0 0 1 1 0 0 1 0 0 0 1 0 0 1 1 0 1 1 0 1 1 1 1 0 1 0 1 1 1 0 1 1 1 1 0 0 0 0 
1 1 0 0 0 0 0 1 0 1 0 0 0 1 0 1 0 0 1 0 0 1 0 0 1 1 0 1 0 1 0 0 0 0 1 0 0 1 1 0 0 1 1 1 0 0 0 0 0 0 
0 0 0 0 1 0 0 1 1 0 1 0 1 0 0 0 1 0 0 0 0 1 1 0 0 0 0 1 0 0 1 0 0 0 1 0 1 0 1 0 1 0 0 0 0 0 0 1 0 0 
1 0 1 1 1 0 0 0 0 1 0 0 1 0 0 1 1 1 1 0 0 0 1 1 0 0 0 0 0 0 1 1 1 0 1 0 1 0 0 0 1 1 0 1 1 0 0 0 0 0 
0 1 0 0 1 1 0 0 0 0 1 0 0 0 0 1 1 1 1 1 0 0 0 0 0 0 1 0 1 1 0 0 0 0 0 1 1 0 0 1 0 1 1 1 0 0 0 0 1 0 
0 0 0 0 1 0 1 1 0 0 1 1 0 0 0 0 1 0 1 0 0 0 0 0 1 1 0 0 0 1 1 0 1 0 0 1 1 1 1 0 1 0 1 0 0 0 0 0 1 1 
0 0 0 1 0 0 0 0 0 1 0 0 0 0 0 1 0 0 1 0 1 1 0 0 0 0 0 0 0 1 0 1 0 0 0 1 0 0 1 0 0 0 1 0 0 0 1 0 1 0 
1 1 1 0 1 0 0 1 0 0 1 1 1 0 0 0 0 0 1 1 0 0 0 0 0 0 0 0 1 1 0 0 1 0 1 1 1 0 0 1 1 1 1 0 0 1 0 1 0 1 
0 1 1 0 0 0 0 0 0 1 0 0 1 1 0 0 0 0 1 1 0 0 0 0 1 0 0 0 1 1 0 1 1 0 0 0 1 0 1 0 0 1 0 0 1 1 1 1 1 1 
0 0 0 0 0 1 1 1 0 1 0 0 1 0 1 0 0 1 0 0 1 1 1 1 1 1 0 0 0 0 1 0 1 1 0 0 0 0 0 1 1 1 0 0 1 0 1 0 0 1 
1 1 0 1 1 1 0 1 0 0 1 0 0 0 0 1 0 0 0 0 1 0 0 0 0 0 1 0 0 1 0 0 1 0 1 0 1 0 1 1 1 0 0 0 0 1 1 0 0 0 
1 0 0 1 0 0 0 1 0 1 0 1 1 0 0 0 1 1 0 0 0 1 1 1 0 0 0 1 0 0 0 1 1 0 0 0 1 0 1 1 0 1 1 1 1 0 0 0 0 1 
1 0 1 0 0 0 0 1 1 1 0 1 1 1 0 0 0 0 1 0 1 1 0 1 1 1 1 1 0 0 0 1 0 1 0 1 1 0 0 0 0 0 0 0 0 0 1 1 1 0 
0 0 0 0 0 1 1 1 1 1 1 0 0 0 0 1 1 1 0 0 0 0 1 0 0 0 0 0 1 0 1 0 1 0 0 1 1 1 0 0 1 1 0 0 0 0 0 0 0 0 
0 0 1 0 0 0 0 1 1 0 0 1 1 1 0 0 1 1 0 1 1 1 0 0 1 0 0 1 0 1 1 1 0 1 0 0 0 0 0 0 0 1 1 0 0 0 0 0 0 1 
0 0 0 0 0 0 1 0 0 0 0 0 0 1 1 0 0 0 0 1 0 1 0 0 1 0 1 0 0 0 0 0 1 0 0 1 0 0 1 0 0 1 1 0 0 0 0 0 0 1 
0 0 1 0 0 1 0 0 1 0 1 0 0 0 0 0 1 1 0 0 1 0 0 0 0 1 1 0 1 0 1 1 1 0 0 0 0 0 0 1 1 1 0 1 1 1 0 0 1 1 
1 0 0 0 0 1 0 0 0 1 1 0 1 1 1 1 1 1 0 0 0 1 0 0 1 0 0 1 0 0 1 1 0 1 1 0 1 1 0 0 0 0 1 0 1 0 1 1 0 0 
0 0 1 0 0 1 0 0 1 0 1 0 0 0 1 0 1 1 0 0 1 1 0 1 1 0 0 1 0 0 1 0 0 1 0 1 0 1 0 0 0 1 1 0 1 0 0 0 0 0 
0 1 0 0 1 0 1 1 0 0 1 0 0 1 0 1 0 0 1 1 0 0 1 0 0 0 0 1 0 0 0 0 1 1 1 0 0 0 1 1 1 0 0 1 1 1 0 0 0 0 
1 0 0 0 0 0 1 0 0 0 1 1 1 0 0 1 1 0 0 0 0 0 0 1 1 0 0 1 1 0 1 0 0 1 1 0 0 0 1 1 1 0 1 1 1 1 1 0 1 1 
0 0 1 0 0 1 0 0 1 0 0 1 0 0 0 0 1 0 0 0 0 1 0 0 0 0 0 1 1 0 0 1 0 1 1 0 0 0 0 0 1 1 0 1 1 0 0 0 0 0 
0 0 1 0 0 0 0 0 1 1 1 0 0 0 0 1 0 0 1 0 0 0 1 0 1 0 0 1 0 0 1 0 0 0 1 0 1 0 1 0 1 0 0 1 1 1 1 1 0 1 
1 0 0 0 0 1 1 0 1 1 1 0 1 0 1 0 1 0 0 1 0 0 1 1 0 0 0 0 1 0 1 0 0 0 1 0 0 1 0 1 1 1 1 0 0 0 1 0 1 0 
0 1 0 1 0 1 0 0 0 0 0 0 0 0 0 0 0 0 0 0 0 1 1 0 0 0 0 0 1 0 0 0 0 1 0 0 0 1 0 0 0 0 0 0 0 1 0 0 1 1 
1 0 1 1 1 0 1 0 0 0 0 0 0 0 1 0 0 0 0 1 0 0 0 0 0 1 0 1 0 0 1 0 0 0 0 0 1 0 0 0 1 0 0 1 1 0 0 0 1 0 
1 1 0 0 0 0 0 0 1 0 1 1 0 1 0 1 1 0 0 0 0 0 0 1 1 0 0 0 1 0 1 0 0 0 1 0 0 1 1 1 0 0 0 0 1 0 0 1 1 1 
0 0 1 1 0 1 0 0 1 1 0 0 1 0 0 0 0 0 0 0 0 0 0 1 1 0 1 1 0 0 1 1 0 0 0 0 0 0 0 0 0 0 0 0 1 0 0 0 0 0 
