50 30 20
83 94 66 73 79 101 69 99 92 84 84 57 68 74 90 101 74 78 78 56 67 64 109 124 77 70 63 99 66 87 
45 47 28 29 13 29 47 38 51 31 6 34 39 51 16 50 50 33 23 55 53 39 50 38 51 57 17 18 33 54 19 1 28 8 24 42 33 31 45 32 41 12 56 6 52 34 30 43 43 38 
0 1 0 0 0 1 1 0 0 0 1 1 0 0 1 1 1 1 0 0 0 1 0 1 0 1 1 0 1 0 1 0 1 0 1 0 0 1 0 1 0 0 0 1 0 1 1 0 1 0 
1 1 0 0 1 0 1 0 1 0 0 0 0 0 0 0 0 0 0 0 1 0 0 0 1 1 0 1 0 0 0 1 0 1 1 0 0 0 1 0 0 1 1 0 1 1 1 1 0 1 
1 1 0 0 0 1 1 0 0 0 1 0 0 1 0 1 0 0 0 0 0 0 1 0 0 0 0 1 0 0 1 1 1 0 0 1 0 0 0 0 0 0 0 0 1 0 0 1 0 0 
0 0 1 0 1 0 1 1 0 0 1 0 0 0 1 0 1 1 0 1 1 1 0 1 1 1 0 0 0 1 0 1 0 0 1 0 0 1 1 1 0 0 0 1 0 0 0 0 1 0 
0 0 1 1 1 0 0 0 0 0 0 0 0 1 0 1 1 1 0 0 0 0 0 0 0 0 1 0 0 0 1 0 0 0 0 0 0 0 0 0 1 0 0 0 0 0 0 0 0 0 
0 0 0 1 0 0 1 0 0 1 1 1 0 0 0 1 1 0 1 1 1 0 0 1 1 0 0 1 0 0 0 0 1 0 0 0 0 0 1 1 1 0 0 1 0 0 0 0 1 1 
0 1 0 0 1 0 1 0 1 0 1 0 0 0 0 0 0 0 1 0 0 1 1 0 0 0 0 0 0 0 1 0 1 0 0 0 1 1 0 0 0 0 1 0 0 1 0 1 1 0 
0 1 0 1 1 1 1 0 0 0 0 1 0 1 1 0 1 0 0 1 1 0 1 0 1 1 1 1 1 1 1 0 0 0 1 0 1 1 1 0 0 0 0 0 1 0 1 1 0 1 
0 1 1 0 0 1 0 1 0 1 0 1 1 1 1 0 0 1 0 1 0 0 0 0 1 1 1 0 0 0 0 0 0 0 1 0 0 1 1 0 1 1 0 0 1 1 0 1 0 0 
1 0 0 1 0 0 0 0 1 0 1 0 1 1 0 1 0 0 1 0 0 0 0 0 0 0 0 0 0 1 0 1 1 0 1 0 1 0 1 1 0 1 1 0 0 1 0 0 1 0 
0 0 0 0 1 1 0 1 0 0 0 1 0 0 0 0 0 1 1 1 0 1 0 1 0 1 0 0 1 0 1 1 1 1 1 1 0 0 0 0 1 1 0 1 0 0 0 1 0 1 
0 0 0 0 0 1 0 1 0 0 1 0 0 1 1 1 0 0 1 0 0 0 0 1 0 0 1 1 1 0 0 1 1 0 0 0 1 0 0 0 1 1 0 0 0 1 1 0 1 1 
1 1 1 0 0 0 0 1 1 0 1 0 1 1 0 0 1 0 0 1 1 1 1 0 1 0 0 1 1 1 1 1 0 0 0 1 0 0 1 1 0 0 0 1 1 1 0 0 0 0 
0 0 0 0 1 0 1 1 1 1 1 0 1 1 1 0 0 0 0 0 0 0 1 0 1 0 0 1 0 0 1 0 0 0 0 0 0 0 1 1 0 0 0 0 0 0 0 0 0 0 
0 0 1 1 0 0 0 0 1 1 0 1 1 1 0 0 0 1 1 1 0 0 0 0 0 1 1 1 1 0 0 0 1 0 0 1 0 0 1 1 1 0 0 0 0 0 0 1 0 1 
0 0 0 0 0 0 1 0 1 1 1 0 0 0 1 0 0 0 0 0 1 1 0 0 1 0 0 1 0 0 0 0 0 1 0 0 1 0 1 0 1 0 1 0 0 0 1 0 1 1 
0 1 0 1 0 1 1 0 0 1 0 0 0 1 1 0 0 1 0 0 0 1 0 0 1 0 1 0 0 1 0 1 1 0 0 0 1 0 1 0 0 0 0 0 0 0 0 1 1 1 
1 0 1 1 1 0 1 0 0 1 1 0 0 0 1 1 1 1 0 1 1 0 0 0 0 1 0 0 0 1 1 1 0 0 0 0 0 0 0 0 1 1 0 1 1 1 0 0 1 1 
0 1 0 0 0 1 0 0 1 1 0 0 0 1 0 0 1 0 0 0 0 1 1 1 0 1 1 0 0 0 0 0 0 0 0 1 0 0 0 0 1 1 1 1 0 1 1 1 0 0 
0 1 1 1 0 1 0 1 0 0 0 0 0 0 1 1 0 0 0 0 0 0 0 1 1 0 0 1 1 1 0 0 1 0 0 1 0 0 1 0 0 0 0 0 1 1 0 1 0 1 
1 1 0 0 1 0 0 0 1 0 0 1 1 0 1 1 0 0 0 1 0 0 0 1 0 0 0 0 1 0 0 1 1 1 0 0 1 0 1 0 0 0 0 1 1 1 0 0 0 0 
0 0 1 1 1 0 0 0 1 1 1 0 1 1 1 0 0 1 0 0 0 1 0 1 0 0 1 0 1 1 0 1 0 1 0 0 0 0 0 0 1 0 0 1 0 0 0 1 1 1 
0 1 1 1 1 1 0 1 1 0 0 1 0 1 0 0 1 0 0 0 0 0 0 1 1 1 0 1 1 0 0 1 1 1 0 0 0 1 0 0 0 0 1 0 0 0 0 1 0 0 
1 1 0 1 0 1 1 0 0 1 1 1 1 0 1 1 0 0 0 1 1 1 0 0 0 1 1 1 0 1 0 0 0 0 0 1 1 0 0 0 0 0 0 0 1 0 0 0 1 0 
0 0 1 0 1 1 1 0 0 0 0 1 0 1 0 0 1 0 1 0 1 0 1 1 0 0 0 0 1 1 1 1 0 0 0 0 0 0 1 0 0 1 1 1 1 1 0 1 0 1 
0 0 1 1 1 0 0 0 1 0 1 1 1 0 0 1 0 1 1 1 0 1 0 0 0 1 0 1 0 0 0 1 0 0 0 0 0 0 0 0 0 1 0 0 1 0 1 1 0 0 
1 1 1 1 1 1 0 0 1 0 0 0 1 0 0 1 1 0 0 0 1 0 1 1 0 0 1 0 0 1 0 0 0 0 0 1 0 0 1 0 1 1 1 0 0 1 1 0 1 0 
1 0 0 0 1 0 0 0 0 0 0 0 1 0 0 0 0 1 1 1 0 0 1 1 1 1 0 0 1 0 0 0 1 0 1 0 0 1 1 1 1 0 0 0 1 1 0 0 1 0 
1 1 1 1 0 0 0 1 0 0 0 0 1 1 1 0 0 0 0 0 1 1 1 0 1 1 0 0 1 1 1 0 1 1 1 1 0 0 0 0 0 0 0 0 0 1 0 0 1 0 
0 1 0 1 0 1 0 0 1 0 0 0 0 1 1 0 1 0 0 0 0 0 0 1 0 0 0 1 0 0 0 0 0 1 1 1 0 1 0 0 1 0 0 0 1 1 0 0 1 0 
