50 40 30
76 94 86 78 66 100 101 94 81 69 57 71 81 92 113 104 67 94 88 89 77 99 91 102 97 97 75 107 73 71 67 83 70 70 75 82 92 89 119 100 
57 56 54 12 20 17 9 33 20 23 9 56 6 1 33 18 37 41 16 11 19 45 7 41 49 39 3 19 52 28 37 36 37 20 5 43 13 31 12 12 52 13 38 7 3 24 3 49 56 42 
0 0 0 1 0 0 1 0 1 0 0 1 0 0 0 1 0 0 1 0 0 0 0 0 0 0 0 1 0 1 0 0 1 0 0 0 0 0 0 0 1 1 0 0 0 0 0 0 1 0 
0 0 0 0 0 0 1 0 1 0 0 0 1 0 1 0 1 0 0 0 0 1 0 1 0 0 0 0 1 0 0 1 0 1 0 0 1 0 0 1 1 1 0 0 0 1 0 1 0 0 
0 0 1 0 0 0 1 0 0 0 0 0 1 0 0 0 1 0 0 0 0 0 1 0 0 0 0 1 1 0 0 0 0 0 0 0 0 0 1 1 1 1 0 0 0 1 0 0 0 0 
0 0 0 0 0 1 1 0 0 0 0 1 0 0 0 0 0 0 0 0 1 0 0 1 0 0 0 0 1 0 0 0 0 1 0 1 0 0 0 0 0 0 0 0 1 0 1 1 0 1 
1 1 0 0 1 0 0 0 1 0 0 1 1 0 1 1 0 0 0 0 1 0 1 0 0 0 1 1 0 1 1 1 0 0 0 0 0 0 0 1 0 1 0 0 0 0 0 0 0 1 
1 1 1 1 0 0 1 0 0 0 1 0 0 0 0 0 0 1 0 0 0 0 0 0 0 0 0 0 0 0 0 1 0 0 1 0 0 0 0 0 1 0 0 0 1 1 0 0 0 0 
1 0 1 0 0 0 1 0 0 0 1 0 0 0 1 0 1 0 0 0 1 0 1 0 0 0 0 1 0 1 1 1 1 1 1 1 0 0 0 0 0 0 0 0 0 0 1 0 1 0 
1 0 1 0 1 0 0 0 1 0 0 0 0 1 0 1 0 0 0 1 1 0 0 0 0 0 0 0 0 0 1 0 0 0 1 0 0 1 0 1 0 0 0 0 0 0 0 1 0 1 
1 0 0 0 0 0 0 0 0 0 0 1 0 0 1 0 1 0 0 0 1 0 1 0 0 0 0 0 0 0 1 0 0 0 0 0 1 1 0 0 0 0 0 0 0 0 0 0 0 0 
1 0 1 1 0 0 1 0 1 1 0 0 0 0 0 0 1 0 0 0 0 0 1 1 0 0 1 0 0 1 0 0 1 0 0 0 0 0 0 0 0 0 0 0 0 0 0 0 0 0 
0 0 1 0 0 0 0 1 0 0 0 0 1 1 0 0 0 1 0 0 0 0 1 0 0 0 0 0 0 0 0 1 0 0 0 0 0 0 0 1 1 0 0 0 0 0 0 1 1 0 
1 0 0 0 0 0 1 0 0 0 0 1 0 1 1 1 0 0 0 0 0 1 0 1 0 0 0 1 1 1 0 0 1 0 0 0 0 0 0 0 1 0 0 0 0 0 0 0 1 0 
0 0 0 0 0 0 0 0 1 1 0 1 1 0 1 0 0 0 0 0 0 0 0 0 1 0 0 0 0 0 0 0 0 1 0 0 0 0 0 0 0 0 0 0 1 1 0 1 0 0 
0 0 1 1 0 0 1 0 0 0 0 1 1 0 1 0 1 0 0 0 0 0 1 0 0 0 0 0 0 0 0 0 1 1 1 0 0 0 1 0 1 1 0 0 0 0 1 0 0 0 
0 0 1 1 0 1 0 0 0 0 1 1 0 0 1 0 1 0 0 0 1 1 0 0 0 1 1 1 0 0 1 0 0 0 0 0 0 0 0 0 0 0 1 0 0 1 1 0 0 0 
0 0 0 0 0 0 0 1 1 1 0 0 0 0 1 0 0 0 0 0 0 0 0 0 0 0 0 0 1 0 1 0 1 0 0 0 0 0 0 1 0 0 0 0 0 1 0 0 1 0 
0 0 0 1 1 0 1 0 0 0 0 0 0 0 1 0 0 0 0 0 0 1 0 1 0 0 0 0 1 1 0 0 0 0 0 0 0 1 1 0 0 1 1 0 0 0 1 0 0 0 
0 0 0 1 0 1 1 0 1 0 1 0 0 0 1 0 1 1 1 0 0 0 0 0 1 1 0 0 1 0 0 0 1 1 0 0 0 0 1 0 0 0 1 0 0 1 1 0 0 0 
1 0 0 0 0 0 0 0 1 0 0 0 0 0 0 0 0 0 0 0 0 0 0 0 0 0 1 0 1 1 1 0 1 0 0 0 0 0 1 0 0 0 0 1 0 0 1 0 0 0 
1 1 1 0 0 0 1 0 0 0 1 0 0 0 0 0 0 0 1 0 0 0 0 0 0 0 0 1 1 1 0 1 1 1 0 1 0 0 1 0 1 1 0 0 0 0 0 0 0 0 
0 0 0 0 0 0 0 1 0 0 0 0 0 0 0 1 0 1 0 0 0 1 0 0 0 1 0 1 1 0 0 0 0 0 1 0 0 0 0 0 0 1 1 0 0 0 1 1 0 0 
0 0 1 1 0 0 1 0 1 0 0 0 1 0 1 0 0 0 0 0 0 0 0 0 1 0 0 0 0 1 1 0 0 1 0 0 0 0 1 1 0 0 0 0 0 1 1 0 1 0 
0 0 0 0 0 0 0 0 1 0 1 1 0 0 0 0 1 0 0 0 0 0 1 0 0 0 0 0 0 1 1 0 1 0 0 0 0 0 0 0 1 1 0 0 0 0 0 1 0 0 
1 0 0 0 0 0 0 0 0 1 1 0 1 0 0 0 1 0 1 0 1 0 0 1 0 0 0 0 0 1 0 0 1 0 0 0 0 1 0 1 0 0 0 0 0 1 0 0 0 0 
0 0 0 0 0 0 0 0 0 0 1 1 0 0 1 1 0 1 0 0 0 1 0 0 0 0 0 1 1 0 0 0 1 1 1 0 0 0 0 0 0 1 0 0 0 1 1 0 1 1 
1 0 0 0 0 1 0 0 1 1 0 0 1 1 1 0 0 0 0 0 0 0 1 0 0 0 0 1 0 0 0 0 1 0 0 0 0 1 1 1 0 1 0 0 0 0 1 0 0 0 
0 0 1 1 0 1 1 1 1 0 0 0 0 0 0 0 1 0 0 0 0 0 0 0 0 0 0 0 1 1 1 0 1 1 0 0 0 0 0 1 1 1 0 0 1 0 0 0 1 0 
0 0 0 0 0 0 0 0 0 0 1 0 1 0 0 1 0 0 1 1 0 0 0 0 1 0 1 1 0 1 0 0 0 1 0 0 1 0 0 1 1 0 0 1 0 0 0 1 1 0 
0 0 1 1 0 0 0 0 0 1 1 0 0 1 0 0 0 0 0 0 0 1 1 0 0 0 0 0 0 0 0 0 0 0 1 0 0 0 1 1 1 0 0 1 0 1 0 1 1 0 
0 0 0 0 0 1 0 0 1 0 0 1 0 0 1 1 1 0 0 0 0 0 0 0 0 0 0 1 0 0 0 0 0 1 0 0 0 0 0 1 0 0 0 0 0 0 1 0 0 0 
0 0 0 0 0 0 0 1 0 0 0 1 1 1 0 1 0 0 0 0 0 0 1 0 0 0 0 1 1 1 0 0 0 1 0 1 0 0 1 0 1 0 0 1 0 0 1 0 1 0 
0 0 1 0 0 0 0 1 1 0 1 1 1 0 0 0 1 0 0 1 0 1 0 0 0 0 0 0 0 0 0 1 1 1 1 0 0 0 0 1 1 0 0 0 0 0 0 1 1 1 
1 1 1 1 0 0 1 0 0 0 0 0 0 1 1 0 0 1 1 0 0 1 0 1 0 0 0 1 0 1 0 0 0 0 1 0 0 0 0 0 0 0 0 0 0 0 0 0 0 0 
0 0 0 0 0 0 1 0 0 0 0 1 1 0 0 0 1 1 1 0 0 0 0 1 0 1 1 0 0 1 0 1 1 0 0 0 1 1 0 0 0 0 0 0 1 1 0 1 1 0 
0 0 0 1 0 0 1 0 0 1 1 0 1 0 0 1 1 1 0 0 0 1 0 0 0 0 0 1 0 0 0 1 1 0 0 0 1 0 0 1 1 0 0 0 0 0 0 0 0 0 
1 0 1 0 1 0 1 1 0 0 0 1 1 0 1 0 1 0 0 1 1 0 1 0 0 0 0 0 0 0 0 0 0 0 0 1 0 0 0 1 0 1 0 0 0 1 1 1 0 0 
1 1 1 0 0 0 1 0 0 0 0 0 1 0 0 0 1 0 0 0 0 0 0 1 0 0 0 0 1 1 0 0 0 0 1 0 0 0 1 1 0 0 0 0 0 0 1 0 0 0 
0 0 1 0 0 0 0 0 0 1 0 0 1 0 0 1 0 1 0 0 0 0 0 0 1 0 0 0 0 1 1 0 1 0 0 0 0 0 0 0 0 0 1 1 0 1 0 0 1 0 
0 0 0 0 0 0 1 0 0 0 1 0 0 1 1 1 1 0 1 0 0 0 0 0 0 1 1 0 1 0 0 0 0 1 1 0 0 0 0 1 1 0 0 0 0 1 1 1 0 0 
0 1 1 0 0 0 0 0 0 0 1 0 0 0 0 0 0 1 1 1 1 0 1 1 1 0 0 0 1 1 1 0 0 0 1 0 0 1 0 0 1 0 1 0 0 1 0 0 0 0 
