50 40 30
102 65 105 102 109 89 104 60 96 105 86 88 79 56 84 89 88 83 83 86 86 86 61 66 67 89 85 72 87 71 75 120 89 61 88 71 86 85 113 69 
19 25 52 44 48 12 36 56 52 38 43 26 10 27 59 54 54 54 56 25 6 33 45 7 30 12 57 12 14 8 47 17 40 52 2 8 22 55 17 52 9 47 26 56 22 19 22 24 49 51 
0 0 0 1 1 1 1 0 1 0 0 0 1 1 1 1 0 1 1 1 0 1 1 1 0 1 0 1 0 1 1 0 1 1 0 0 1 0 0 0 1 1 1 0 0 0 1 1 1 1 
0 1 1 1 1 1 1 0 1 1 1 1 1 0 1 0 1 0 1 1 1 0 0 0 1 1 0 1 0 1 1 1 1 0 1 1 1 0 0 1 1 1 0 1 0 1 0 0 0 1 
1 1 1 1 0 1 1 0 0 0 0 0 1 1 0 0 0 1 1 1 0 1 1 1 1 0 0 0 1 1 1 1 1 0 1 0 1 1 1 0 1 1 1 0 1 0 1 1 0 0 
1 1 1 1 0 0 1 1 0 0 1 1 1 1 1 1 0 1 1 1 0 1 1 1 1 1 1 1 0 1 1 1 1 0 1 0 1 1 1 1 1 1 1 1 0 1 0 1 1 1 
0 0 1 0 1 1 1 0 0 0 1 0 1 1 0 1 1 1 1 0 0 1 1 0 1 1 1 0 0 1 1 1 0 1 0 0 0 1 1 1 1 1 0 1 1 1 1 1 1 1 
0 1 1 1 0 0 1 1 0 1 1 1 1 1 1 1 1 0 1 1 0 0 0 0 1 0 1 0 1 1 1 1 0 1 1 0 0 1 1 0 1 0 0 0 1 1 1 1 1 1 
0 1 0 1 1 0 0 1 0 0 1 1 0 1 1 0 0 1 0 0 1 0 1 1 1 1 1 1 1 0 1 1 1 1 0 1 1 1 0 0 1 1 1 1 1 0 0 1 1 0 
1 1 0 1 0 1 1 1 0 0 0 1 1 0 1 0 1 1 1 1 0 1 1 1 0 0 1 1 0 1 1 1 1 1 1 0 1 0 0 1 0 1 1 1 1 0 1 1 0 0 
1 1 1 1 1 1 0 0 1 1 1 1 1 1 0 1 1 0 1 1 0 1 0 0 1 1 0 0 0 0 1 0 0 1 1 0 1 0 1 1 0 0 0 0 1 0 0 1 0 1 
1 1 0 0 1 1 1 0 0 1 1 1 1 1 1 1 1 1 1 1 1 1 1 1 1 0 0 1 1 1 0 1 1 0 0 1 1 0 0 1 1 0 0 0 0 1 0 1 1 0 
0 1 1 1 0 0 1 1 1 0 1 1 0 0 0 1 0 0 1 1 1 0 1 1 1 1 1 1 0 1 0 0 1 0 1 0 0 1 0 1 1 0 0 1 1 1 1 1 0 0 
0 1 1 0 0 1 0 1 0 0 0 0 0 1 0 0 1 1 1 0 1 0 0 0 1 1 0 0 1 1 1 0 1 1 1 0 1 1 1 1 1 1 1 0 1 0 1 0 1 1 
1 1 1 1 1 0 0 1 0 0 1 0 0 1 1 1 1 1 0 1 1 0 1 0 0 1 1 1 1 1 0 1 0 0 1 0 1 1 1 0 0 1 1 0 1 0 0 0 1 0 
1 1 0 1 1 1 0 0 1 1 0 1 1 1 0 1 1 0 0 1 0 1 1 0 0 0 0 0 0 1 1 1 1 1 1 1 1 0 0 1 0 0 1 0 0 1 0 1 1 1 
0 0 0 1 1 0 1 0 1 0 1 1 1 1 1 1 1 1 0 1 1 1 1 1 0 1 0 1 0 1 0 1 1 1 0 1 0 0 0 1 0 0 1 0 0 0 1 1 1 1 
1 0 1 0 0 1 0 1 1 0 0 1 0 0 0 0 1 1 0 1 1 1 1 1 0 1 0 0 1 0 1 0 1 1 0 1 1 0 1 1 1 0 0 0 0 0 0 1 0 0 
1 1 1 1 0 0 1 1 1 1 1 1 0 0 0 1 1 1 1 1 0 0 1 1 0 1 0 1 1 1 0 1 1 1 1 0 1 1 1 0 1 1 1 0 1 1 1 1 0 0 
0 1 0 1 0 1 0 1 1 0 1 1 0 1 0 0 1 0 0 0 1 0 0 0 1 1 1 0 0 0 1 0 1 0 1 1 1 1 1 0 0 1 1 1 1 1 1 1 1 1 
0 0 1 1 1 1 1 1 1 0 0 1 1 1 1 1 1 0 0 1 1 1 1 1 0 1 1 0 0 1 1 1 0 1 1 1 1 0 1 1 1 1 1 1 0 1 1 1 1 1 
1 0 0 1 0 1 1 0 1 1 0 1 0 1 1 1 0 0 1 0 0 1 1 1 1 1 1 1 0 1 0 1 0 1 1 1 0 1 1 1 1 1 1 1 1 1 1 1 1 0 
1 1 0 0 0 0 1 1 0 1 1 1 1 1 1 1 1 1 0 0 1 1 1 1 0 1 1 1 1 0 0 0 1 1 0 1 1 0 1 0 1 0 1 0 1 0 0 1 1 1 
1 1 1 1 1 0 1 0 1 1 0 1 0 1 0 0 0 1 1 1 0 1 1 1 0 1 1 1 1 0 1 0 1 1 1 0 1 1 1 0 1 1 0 0 1 0 1 1 1 1 
1 0 1 1 1 1 1 1 0 1 1 1 0 1 0 1 1 1 1 1 1 0 1 1 1 1 0 1 1 0 1 0 1 1 1 1 1 0 1 0 0 0 1 0 1 1 0 0 1 1 
1 1 0 1 1 1 0 0 0 1 1 1 0 0 1 1 0 1 0 1 1 1 1 0 1 0 1 0 0 1 0 1 0 1 1 1 0 1 1 1 1 1 1 0 1 1 0 0 1 0 
1 0 1 0 0 1 1 0 1 0 1 0 1 1 0 1 1 1 0 0 1 1 1 0 0 0 0 1 1 1 0 1 1 1 1 0 1 0 0 0 1 0 0 1 1 1 0 1 0 1 
1 1 0 0 1 1 1 1 1 1 1 0 0 1 1 1 1 0 1 1 1 0 0 0 1 0 0 0 1 0 1 1 1 0 1 1 1 0 1 1 0 0 1 1 0 1 1 1 1 1 
0 0 1 1 1 0 0 0 0 1 1 1 1 1 1 0 1 1 0 1 1 0 0 0 1 1 0 1 1 1 1 1 1 1 1 1 0 0 1 0 1 1 0 0 0 1 1 1 0 0 
0 1 1 0 1 1 1 1 1 0 0 0 1 1 0 1 0 0 0 1 1 0 1 0 1 0 0 1 0 1 0 1 1 1 1 1 1 1 0 1 1 1 0 0 1 1 0 0 1 0 
1 1 0 0 0 0 1 1 1 0 1 1 1 1 1 1 0 0 1 0 0 1 0 0 1 1 1 1 0 1 1 1 1 1 1 0 1 0 1 1 1 0 1 1 1 0 0 1 1 0 
1 0 1 0 0 0 0 0 1 1 1 1 0 0 1 1 1 1 1 1 0 0 1 1 1 1 0 1 1 1 1 0 1 1 0 1 0 1 1 0 0 0 0 1 1 0 0 0 1 0 
0 1 0 1 0 1 1 0 1 0 1 1 0 1 0 0 0 1 1 1 1 0 1 1 0 1 1 1 0 1 1 1 1 0 1 1 0 0 1 0 1 1 0 1 1 1 0 0 0 1 
1 1 0 0 1 1 0 1 0 1 0 0 1 0 1 1 1 1 1 0 1 1 1 0 1 0 1 1 1 0 1 1 1 0 1 0 1 1 1 1 1 0 1 1 0 1 0 1 0 0 
1 1 0 1 0 1 1 0 0 1 1 1 1 1 1 1 0 0 1 1 1 0 0 0 0 0 1 1 0 1 0 1 0 1 0 0 0 0 1 1 1 0 0 1 1 1 1 1 0 1 
1 1 0 0 1 1 1 1 1 1 1 0 1 1 0 1 1 0 0 1 0 1 1 1 0 1 1 1 1 1 0 1 0 0 1 1 1 0 0 1 1 0 1 0 1 0 1 1 1 1 
1 1 0 0 0 1 1 1 1 0 0 0 0 1 0 1 1 1 1 1 0 0 1 1 1 1 1 1 0 1 1 1 1 1 1 0 1 1 1 0 1 0 0 0 1 1 1 0 1 1 
0 1 0 1 1 1 1 1 0 1 1 0 0 0 0 1 0 1 1 1 1 1 1 0 1 1 1 1 0 1 1 1 0 1 0 0 1 1 1 1 1 1 1 0 1 0 0 1 1 0 
0 1 0 1 0 1 1 1 0 1 0 1 1 0 0 1 1 1 1 1 0 0 1 0 0 1 0 1 0 1 1 0 1 1 1 1 1 0 1 0 1 1 0 1 1 0 1 1 1 1 
1 0 1 1 1 1 1 0 1 1 0 1 1 1 1 1 1 1 1 0 0 0 1 0 1 0 1 0 1 1 0 1 1 0 0 0 0 0 1 0 1 0 0 1 1 1 1 0 1 0 
1 1 1 1 1 1 0 0 1 1 0 0 1 0 1 0 1 1 0 1 0 0 0 1 1 1 1 0 1 0 0 1 0 0 1 1 1 1 0 1 1 0 1 1 1 0 0 1 0 1 
0 1 0 0 0 0 1 1 0 1 0 1 0 1 0 1 0 0 1 1 1 0 1 1 1 1 1 1 1 1 0 1 1 0 1 1 1 1 1 0 0 0 1 1 1 0 1 1 1 0 
