50 40 30
69 69 60 61 91 54 77 78 65 81 92 121 89 72 76 95 85 84 91 72 62 88 68 95 100 100 71 70 95 100 48 78 76 94 109 75 98 114 60 51 
49 15 40 14 5 36 43 21 35 30 59 1 3 42 25 41 30 23 19 32 2 33 43 24 22 58 2 25 20 52 13 3 51 16 44 30 24 13 30 21 13 5 57 56 18 5 30 37 11 53 
0 1 0 1 0 0 0 0 0 0 0 0 1 1 1 0 0 0 0 1 0 0 1 1 1 0 0 1 0 0 1 1 0 0 0 0 0 0 0 1 0 1 0 0 0 0 1 0 0 0 
0 1 0 0 0 0 0 0 0 0 0 0 1 1 0 0 1 0 0 0 0 0 0 0 1 0 0 0 0 1 1 1 0 1 1 0 0 0 0 0 1 1 1 1 0 0 1 0 1 0 
0 0 0 0 0 0 0 1 0 1 0 0 1 0 1 0 0 1 0 0 1 0 0 0 1 1 0 0 1 0 1 1 0 1 1 0 0 1 0 0 0 0 0 1 0 0 1 0 0 1 
0 1 0 1 0 0 0 0 1 0 0 1 1 0 1 1 0 0 0 0 1 0 0 1 0 1 0 0 1 1 1 1 1 1 0 0 0 0 0 0 0 1 1 1 0 0 0 0 1 0 
1 0 0 0 0 1 0 0 1 0 1 0 0 1 0 0 0 0 1 0 0 1 1 0 0 1 0 0 0 1 0 1 1 0 1 0 0 0 0 0 0 0 0 0 0 0 1 0 0 0 
0 1 0 0 0 0 0 0 1 1 0 0 1 0 0 0 0 0 1 0 1 1 0 0 0 0 0 0 0 0 0 0 0 0 0 1 0 0 1 0 0 0 0 0 0 0 0 0 0 0 
0 0 1 0 0 0 0 1 0 0 0 1 0 0 0 1 0 0 0 0 0 0 0 0 1 0 0 0 0 1 1 0 0 0 1 0 0 0 0 0 0 0 0 0 0 1 1 1 0 0 
0 0 0 0 0 1 0 0 1 0 1 0 0 1 0 1 0 1 1 0 1 1 0 0 1 0 0 0 0 0 0 1 0 0 1 1 0 1 0 0 0 0 1 0 0 0 1 0 0 0 
1 0 0 1 0 0 0 1 0 1 0 1 0 1 0 0 1 1 1 1 0 1 0 0 1 0 0 0 0 1 0 0 0 0 1 0 0 0 0 0 0 0 1 0 0 0 1 0 0 0 
0 0 0 0 0 0 0 0 0 0 1 0 0 1 0 0 0 1 0 1 0 0 0 1 0 0 0 0 0 1 0 0 1 1 0 0 0 0 0 1 0 1 0 1 1 1 1 0 0 0 
0 0 0 0 0 0 0 1 0 1 0 0 0 0 0 0 0 0 0 0 0 1 0 1 0 0 0 0 0 1 0 0 1 0 0 0 0 0 0 0 0 0 0 0 0 1 0 1 0 0 
0 1 1 0 0 0 0 0 0 1 1 0 0 0 0 0 0 0 1 0 0 0 0 1 1 0 1 0 0 1 0 0 0 0 1 0 0 1 0 0 0 0 1 1 0 0 0 0 0 0 
0 0 1 0 0 0 0 0 1 0 0 0 0 0 0 0 1 0 1 1 0 0 1 0 1 0 0 0 0 0 0 0 0 0 0 0 0 1 0 0 0 1 0 1 0 0 1 0 1 0 
0 1 0 0 0 0 1 0 0 0 1 0 0 0 0 0 0 0 1 0 0 0 0 0 0 0 1 0 0 1 1 0 0 1 1 0 0 1 0 0 1 1 0 0 0 0 0 0 0 0 
0 0 0 0 0 0 0 1 0 0 0 0 1 1 1 0 1 0 0 0 0 0 1 0 0 1 0 0 0 1 1 0 0 1 1 0 0 0 0 0 0 0 1 1 0 1 0 0 0 0 
0 1 1 0 0 0 0 1 0 1 0 0 0 1 1 0 1 1 0 0 0 0 1 1 1 1 0 0 0 1 0 1 0 0 1 0 0 1 1 0 0 1 1 0 0 0 1 0 0 0 
0 0 0 0 1 0 0 1 1 1 1 1 0 0 1 1 1 0 1 0 1 1 0 0 0 1 0 0 0 1 0 0 0 1 0 0 1 0 0 0 0 0 0 0 0 0 0 0 1 0 
0 1 0 1 0 0 0 0 0 1 1 1 0 0 1 0 1 0 0 0 0 0 0 0 1 0 0 1 1 0 0 0 0 0 0 1 0 1 0 0 0 0 1 1 0 1 0 0 1 1 
0 0 0 0 0 0 0 1 1 0 1 1 1 0 0 0 1 1 0 0 0 0 0 1 1 0 1 0 0 0 1 1 0 0 1 0 1 1 0 0 0 0 0 1 0 1 0 0 1 0 
1 1 1 0 0 0 0 1 1 0 0 0 0 1 0 0 0 1 1 0 0 0 0 1 1 0 0 0 0 0 0 0 0 0 0 0 0 0 0 1 0 1 1 0 0 0 0 1 0 1 
1 0 0 0 0 0 0 0 0 0 0 0 0 0 0 0 0 0 0 1 1 1 0 0 1 1 1 0 0 1 1 1 0 0 0 0 0 0 0 0 0 0 0 1 0 0 1 0 0 1 
0 1 1 0 0 0 0 1 0 0 0 0 0 0 0 0 1 1 0 0 0 1 1 1 0 1 0 0 0 1 0 0 0 0 0 0 0 1 1 1 0 1 0 1 1 0 1 1 0 0 
0 1 0 1 0 1 0 1 1 0 0 0 1 0 0 0 0 0 1 0 0 1 0 1 0 0 1 1 0 0 0 0 0 0 1 0 0 0 0 0 0 0 1 1 0 0 0 0 0 0 
1 0 0 0 0 0 0 1 0 1 0 1 0 1 0 0 0 0 0 0 0 0 0 1 0 1 0 0 0 0 0 0 1 0 1 0 1 1 0 1 0 1 1 1 0 0 1 1 0 0 
0 1 0 0 1 0 0 1 1 1 1 0 0 0 0 0 0 1 0 1 0 0 0 0 0 0 0 1 1 1 0 1 1 1 1 0 0 0 0 0 0 1 1 0 1 0 0 0 0 0 
0 0 0 1 0 0 0 0 1 0 1 0 0 1 1 1 0 0 0 1 1 1 0 1 0 0 1 0 0 0 0 1 0 0 0 0 0 0 1 0 0 0 0 0 0 0 0 0 0 0 
0 0 0 0 1 0 1 1 1 1 0 0 1 0 0 0 0 0 0 0 1 0 0 0 1 0 0 0 0 0 1 1 0 0 0 0 0 0 0 0 0 0 1 1 0 0 0 0 0 0 
0 0 1 1 0 0 0 0 1 1 1 1 0 0 1 0 1 1 0 0 0 0 0 0 1 0 0 0 0 0 0 0 1 1 0 0 0 0 0 0 0 0 0 1 0 0 0 0 0 1 
0 0 0 0 0 0 0 1 0 1 1 0 0 0 0 0 1 0 1 1 0 1 0 1 0 0 0 1 1 0 0 0 0 1 1 0 1 0 0 0 0 1 0 1 0 0 0 0 0 0 
0 0 1 1 0 1 0 0 1 1 0 1 0 0 1 0 1 0 1 0 0 1 0 0 0 1 1 1 0 0 0 0 1 0 1 0 0 0 0 0 1 0 0 0 0 1 1 0 0 0 
0 0 0 0 0 0 0 1 0 1 0 0 1 0 0 0 0 0 0 0 0 0 0 0 0 0 1 1 0 0 0 0 0 0 0 0 0 0 0 1 0 0 0 0 1 0 1 0 0 0 
1 0 1 1 0 0 0 0 0 0 0 0 1 0 0 0 0 0 1 0 0 1 0 0 0 0 1 0 1 0 1 0 1 1 0 0 0 0 0 0 0 0 1 1 0 0 0 0 0 1 
0 1 1 1 0 1 0 0 1 1 0 1 1 0 1 0 0 0 0 0 0 0 0 1 0 0 0 0 0 0 0 1 0 0 0 1 0 0 0 0 0 1 1 0 0 0 1 0 0 0 
0 0 0 1 0 0 0 1 0 0 0 0 0 1 0 0 1 0 1 0 0 0 1 0 0 0 1 0 1 0 1 0 1 0 0 0 0 1 1 0 0 1 0 1 0 0 0 0 0 0 
0 0 0 0 1 1 1 0 0 0 0 0 1 1 0 1 1 0 0 0 1 0 0 0 1 1 0 1 0 1 1 1 0 0 0 0 1 0 0 0 0 1 1 0 1 0 0 0 1 0 
0 1 1 0 0 0 0 0 0 0 0 0 0 0 1 0 1 0 0 1 0 0 1 1 1 0 0 0 0 1 1 0 0 0 0 0 1 0 0 1 0 0 0 0 0 1 0 1 0 1 
1 1 0 0 0 0 0 0 0 0 0 0 0 0 0 0 1 1 0 0 0 0 0 0 1 0 0 0 0 1 1 1 0 1 0 0 0 1 0 0 1 1 0 1 0 0 1 0 0 0 
0 1 0 0 0 0 0 1 0 1 0 0 1 0 0 0 1 0 0 0 1 0 0 0 1 1 1 1 1 0 1 0 0 0 0 1 0 0 0 1 0 0 1 0 0 0 0 1 0 1 
0 1 1 1 0 0 0 1 1 0 1 1 1 1 0 1 0 1 1 0 1 1 0 0 1 0 1 0 1 0 0 1 0 1 1 0 0 0 0 0 1 1 0 1 0 0 0 1 0 0 
0 0 0 1 0 0 1 0 1 0 0 0 0 0 0 0 1 0 0 0 0 1 0 0 0 0 1 0 1 0 0 1 0 0 0 0 0 0 1 0 1 1 0 0 0 1 1 0 0 0 
