50 40 30
107 87 104 63 103 84 96 100 80 80 121 95 69 75 97 110 74 80 96 89 94 104 89 72 110 82 78 58 64 73 95 109 90 93 84 89 74 103 74 93 
30 51 56 15 56 47 56 12 31 32 38 42 7 36 33 38 1 57 7 3 37 56 18 26 17 52 34 7 30 31 27 2 57 25 9 53 36 23 55 31 41 42 27 53 10 3 22 50 36 16 
1 0 0 1 0 0 0 0 0 0 0 0 1 0 0 0 0 1 0 0 0 0 0 0 0 1 0 0 0 1 1 0 0 0 0 0 1 1 1 0 0 0 0 0 0 1 0 0 0 1 
0 0 0 0 1 1 0 0 0 0 0 0 1 0 1 0 0 1 1 0 0 0 0 0 1 0 0 0 1 0 0 0 0 0 0 0 1 0 0 0 1 0 0 1 0 0 0 0 1 0 
1 1 0 1 1 0 0 0 0 0 0 0 0 1 0 1 0 0 0 0 1 1 0 0 0 1 1 0 0 0 0 0 0 0 0 0 1 1 0 1 0 0 0 1 0 1 1 0 1 0 
0 0 1 0 0 0 0 1 1 1 0 0 0 1 0 0 0 0 0 0 0 1 0 0 0 0 0 1 1 0 1 0 0 1 0 0 1 1 0 0 0 0 0 1 1 0 0 0 1 0 
0 1 0 1 1 1 1 0 0 0 1 1 0 0 0 1 0 0 0 0 0 1 0 0 0 0 0 0 0 0 0 0 0 1 1 0 0 1 0 0 0 1 0 1 0 0 0 0 1 1 
1 0 1 0 1 0 1 0 1 1 0 1 1 0 0 0 1 0 0 1 0 0 0 0 0 1 0 0 0 0 1 0 1 0 0 1 1 0 1 1 1 0 1 0 0 0 0 0 0 0 
1 0 1 0 1 0 0 0 0 1 0 1 0 1 0 0 0 0 0 0 0 0 0 0 0 0 0 0 1 0 0 1 0 0 0 0 0 0 0 0 0 0 0 0 1 0 0 1 0 0 
0 0 1 1 1 0 1 1 0 0 0 0 0 1 0 1 0 1 0 0 0 0 0 0 0 1 0 1 0 0 0 0 0 0 0 0 0 0 0 1 1 0 0 0 0 0 1 0 1 0 
1 0 0 0 0 1 0 1 1 0 1 0 0 0 0 0 0 0 0 1 0 0 1 0 1 0 1 0 0 0 1 0 0 0 1 0 0 1 0 1 0 0 0 0 0 1 0 0 1 0 
0 0 0 0 0 0 0 0 1 0 0 1 0 0 0 0 0 1 0 0 0 0 0 0 0 0 1 0 1 1 1 0 0 0 0 0 0 1 0 1 1 0 0 0 0 1 0 1 1 0 
0 0 0 1 1 0 1 0 1 0 0 1 0 1 0 0 0 1 0 0 0 0 0 0 0 0 1 0 1 0 0 0 0 0 0 0 0 1 1 1 0 0 0 0 1 0 0 0 0 1 
0 0 0 0 0 0 0 0 1 0 0 1 0 1 0 1 0 0 1 0 0 0 0 0 0 0 0 0 0 1 0 1 0 1 1 0 0 1 0 1 0 0 0 1 0 1 0 0 1 0 
0 0 0 0 0 0 0 0 0 0 0 0 0 1 1 1 0 1 0 0 0 0 0 0 0 0 0 1 0 1 1 0 0 0 0 0 0 0 0 0 0 0 0 0 1 1 0 0 1 1 
0 0 0 0 0 0 1 1 0 0 1 0 0 1 0 0 1 0 0 0 0 0 0 1 0 0 0 0 0 0 0 0 0 1 0 0 1 0 0 0 1 0 0 0 0 0 0 0 0 0 
1 1 0 0 1 0 0 1 0 0 0 0 0 0 0 0 0 0 0 1 0 1 0 0 0 1 0 0 1 1 0 1 0 0 0 0 1 1 0 1 1 1 0 0 0 0 0 0 1 0 
0 0 1 1 0 0 0 0 0 0 1 0 0 0 1 0 0 0 0 1 0 1 1 0 0 0 0 0 0 0 1 0 0 0 0 1 0 0 1 0 0 1 0 0 0 0 0 0 0 0 
0 1 0 0 0 0 0 1 0 0 0 0 1 1 0 0 0 1 0 0 0 0 0 0 0 1 0 0 0 1 0 0 1 1 1 0 1 1 0 1 0 0 0 0 0 0 0 0 0 0 
0 0 1 0 0 0 0 0 0 0 0 0 0 1 0 1 1 0 0 0 1 0 1 0 0 0 0 0 0 0 1 1 0 1 1 0 1 0 0 0 1 1 1 1 0 1 0 1 1 0 
0 0 1 1 0 0 0 0 1 0 0 0 1 1 0 0 0 1 0 0 0 1 0 0 0 1 0 0 0 0 0 0 0 0 0 0 0 0 1 1 0 0 1 1 0 0 0 0 1 0 
0 0 0 1 1 0 1 0 0 0 1 1 1 1 1 0 1 1 0 0 0 1 1 1 0 0 0 1 0 1 0 0 0 0 0 1 1 1 0 0 1 0 0 0 0 0 0 0 0 0 
0 0 1 1 0 0 1 0 0 0 0 0 1 0 1 0 1 0 0 0 0 0 0 0 0 0 0 0 0 0 1 0 0 0 0 0 0 0 1 0 1 1 0 0 1 1 0 0 0 0 
0 0 1 0 1 0 0 0 0 0 0 1 0 1 1 0 0 1 0 0 1 0 1 0 0 0 0 0 0 0 1 0 1 0 1 0 0 0 0 0 0 0 0 0 0 0 1 0 0 1 
0 0 0 0 0 0 1 1 1 0 1 0 0 0 0 0 0 0 0 0 0 1 0 1 1 0 0 0 1 0 0 0 1 0 0 0 0 1 0 1 1 0 0 1 1 0 0 0 1 0 
0 0 0 0 0 0 0 0 0 0 0 0 0 0 0 0 1 1 0 0 1 0 0 0 0 1 0 1 1 1 0 0 0 0 0 0 0 1 0 0 1 1 0 0 0 1 0 0 0 0 
0 0 1 0 1 0 0 0 0 0 0 1 0 0 0 1 1 0 0 0 0 0 0 1 1 1 0 0 0 0 0 0 0 1 0 0 0 0 1 0 0 1 0 0 0 0 0 0 0 1 
1 0 1 1 0 0 0 0 0 0 1 0 0 0 1 0 1 1 0 0 0 1 0 0 0 0 0 0 1 0 0 0 0 0 0 0 0 0 0 0 0 1 1 1 0 1 0 0 1 1 
0 0 0 0 0 0 1 1 0 1 1 1 1 0 0 0 0 0 1 0 0 0 0 0 0 0 0 0 1 0 0 0 0 1 1 1 1 0 0 0 0 0 0 0 0 0 1 0 1 0 
0 0 1 1 1 1 0 0 0 0 0 0 0 1 1 1 1 1 1 1 0 0 0 0 1 0 0 0 1 0 0 0 0 0 0 0 1 1 0 1 1 0 0 0 0 0 0 0 0 0 
0 0 0 1 1 0 0 0 0 0 1 1 0 1 1 0 0 1 0 0 0 1 0 0 0 0 0 0 0 0 1 0 1 1 1 1 1 1 1 0 0 1 0 1 0 1 1 1 0 1 
0 0 0 1 0 0 0 0 0 0 0 0 1 0 0 0 0 0 1 0 0 1 1 0 0 0 0 0 0 0 0 0 0 0 0 0 1 0 0 1 0 1 0 0 0 0 0 0 1 0 
1 0 0 1 0 0 0 1 0 0 0 1 0 0 0 1 0 0 1 0 0 0 0 0 1 0 1 0 0 1 0 1 1 0 1 0 0 0 1 0 0 0 0 0 1 0 0 1 1 0 
0 0 0 1 0 0 1 1 1 0 1 1 0 0 0 0 1 1 0 0 0 0 0 0 0 0 1 1 0 1 0 0 0 0 0 0 1 0 0 0 0 0 0 1 0 1 0 1 1 0 
0 0 0 1 1 0 0 0 0 0 0 0 0 0 0 0 0 1 0 0 1 0 1 0 1 0 0 1 0 1 0 0 0 0 0 0 1 0 0 1 0 0 1 0 0 0 0 0 0 0 
1 0 0 1 0 0 0 0 0 0 0 0 0 1 1 0 0 0 0 0 0 0 0 0 0 0 0 0 0 1 1 0 0 0 0 1 1 0 0 0 0 1 0 0 0 1 0 0 0 0 
1 0 0 0 1 0 0 0 0 0 0 0 1 1 0 0 1 0 1 1 1 0 0 0 1 1 0 0 0 0 1 0 0 0 0 1 1 0 0 1 0 0 0 0 0 1 0 0 1 0 
0 1 0 1 0 1 0 0 0 0 0 0 0 1 1 0 0 0 0 0 0 0 0 0 0 1 0 0 0 0 1 0 0 0 0 0 0 0 0 1 0 0 0 0 0 0 0 0 0 0 
0 0 0 1 0 0 1 1 0 0 0 1 0 0 0 1 0 1 1 0 0 1 1 1 0 0 0 0 0 0 1 1 1 1 0 1 0 0 0 0 1 0 0 1 1 0 0 0 0 0 
0 1 1 0 0 1 1 0 0 0 0 1 1 0 0 0 0 0 0 0 0 1 0 0 1 0 0 0 1 0 0 0 0 0 1 1 1 0 0 1 0 0 1 0 0 0 0 1 0 0 
0 0 1 1 0 0 0 1 0 0 0 0 1 0 1 1 0 0 0 0 0 0 0 1 0 0 0 0 0 0 0 0 0 0 1 1 0 0 0 0 0 0 0 0 1 1 0 0 0 0 
0 0 0 0 0 1 0 0 0 0 1 0 0 0 0 0 0 0 0 0 0 0 0 0 1 0 0 0 0 0 1 0 1 1 1 0 0 0 0 1 1 0 0 0 0 0 0 0 0 0 
