50 40 30
98 94 93 79 79 113 84 81 81 85 100 113 103 105 58 83 75 75 75 75 115 101 93 94 81 75 89 93 79 82 59 113 102 80 108 83 93 107 100 86 
40 11 49 36 28 26 27 46 23 7 7 58 36 32 22 45 27 31 41 5 2 27 2 43 6 47 56 34 20 55 50 39 29 10 30 33 45 25 30 15 32 45 44 2 14 59 17 3 31 16 
0 0 0 1 1 1 1 0 1 0 0 0 1 1 1 1 0 1 1 1 0 1 1 1 0 1 0 1 0 1 1 0 1 1 0 0 1 0 0 0 1 1 1 0 0 0 1 1 1 1 
0 1 1 1 1 1 1 0 1 1 1 1 1 0 1 0 1 0 1 1 1 0 0 0 1 1 0 1 0 1 1 1 1 0 1 1 1 0 0 1 1 1 0 1 0 1 0 0 0 1 
1 1 1 1 0 1 1 0 0 0 0 0 1 1 0 0 0 1 1 1 0 1 1 1 1 0 0 0 1 1 1 1 1 0 1 0 1 1 1 0 1 1 1 0 1 0 1 1 0 0 
1 1 1 1 0 0 1 1 0 0 1 1 1 1 1 1 0 1 1 1 0 1 1 1 1 1 1 1 0 1 1 1 1 0 1 0 1 1 1 1 1 1 1 1 0 1 0 1 1 1 
0 0 1 0 1 1 1 0 0 0 1 0 1 1 0 1 1 1 1 0 0 1 1 0 1 1 1 0 0 1 1 1 0 1 0 0 0 1 1 1 1 1 0 1 1 1 1 1 1 1 
0 1 1 1 0 0 1 1 0 1 1 1 1 1 1 1 1 0 1 1 0 0 0 0 1 0 1 0 1 1 1 1 0 1 1 0 0 1 1 0 1 0 0 0 1 1 1 1 1 1 
0 1 0 1 1 0 0 1 0 0 1 1 0 1 1 0 0 1 0 0 1 0 1 1 1 1 1 1 1 0 1 1 1 1 0 1 1 1 0 0 1 1 1 1 1 0 0 1 1 0 
1 1 0 1 0 1 1 1 0 0 0 1 1 0 1 0 1 1 1 1 0 1 1 1 0 0 1 1 0 1 1 1 1 1 1 0 1 0 0 1 0 1 1 1 1 0 1 1 0 0 
1 1 1 1 1 1 0 0 1 1 1 1 1 1 0 1 1 0 1 1 0 1 0 0 1 1 0 0 0 0 1 0 0 1 1 0 1 0 1 1 0 0 0 0 1 0 0 1 0 1 
1 1 0 0 1 1 1 0 0 1 1 1 1 1 1 1 1 1 1 1 1 1 1 1 1 0 0 1 1 1 0 1 1 0 0 1 1 0 0 1 1 0 0 0 0 1 0 1 1 0 
0 1 1 1 0 0 1 1 1 0 1 1 0 0 0 1 0 0 1 1 1 0 1 1 1 1 1 1 0 1 0 0 1 0 1 0 0 1 0 1 1 0 0 1 1 1 1 1 0 0 
0 1 1 0 0 1 0 1 0 0 0 0 0 1 0 0 1 1 1 0 1 0 0 0 1 1 0 0 1 1 1 0 1 1 1 0 1 1 1 1 1 1 1 0 1 0 1 0 1 1 
1 1 1 1 1 0 0 1 0 0 1 0 0 1 1 1 1 1 0 1 1 0 1 0 0 1 1 1 1 1 0 1 0 0 1 0 1 1 1 0 0 1 1 0 1 0 0 0 1 0 
1 1 0 1 1 1 0 0 1 1 0 1 1 1 0 1 1 0 0 1 0 1 1 0 0 0 0 0 0 1 1 1 1 1 1 1 1 0 0 1 0 0 1 0 0 1 0 1 1 1 
0 0 0 1 1 0 1 0 1 0 1 1 1 1 1 1 1 1 0 1 1 1 1 1 0 1 0 1 0 1 0 1 1 1 0 1 0 0 0 1 0 0 1 0 0 0 1 1 1 1 
1 0 1 0 0 1 0 1 1 0 0 1 0 0 0 0 1 1 0 1 1 1 1 1 0 1 0 0 1 0 1 0 1 1 0 1 1 0 1 1 1 0 0 0 0 0 0 1 0 0 
1 1 1 1 0 0 1 1 1 1 1 1 0 0 0 1 1 1 1 1 0 0 1 1 0 1 0 1 1 1 0 1 1 1 1 0 1 1 1 0 1 1 1 0 1 1 1 1 0 0 
0 1 0 1 0 1 0 1 1 0 1 1 0 1 0 0 1 0 0 0 1 0 0 0 1 1 1 0 0 0 1 0 1 0 1 1 1 1 1 0 0 1 1 1 1 1 1 1 1 1 
0 0 1 1 1 1 1 1 1 0 0 1 1 1 1 1 1 0 0 1 1 1 1 1 0 1 1 0 0 1 1 1 0 1 1 1 1 0 1 1 1 1 1 1 0 1 1 1 1 1 
1 0 0 1 0 1 1 0 1 1 0 1 0 1 1 1 0 0 1 0 0 1 1 1 1 1 1 1 0 1 0 1 0 1 1 1 0 1 1 1 1 1 1 1 1 1 1 1 1 0 
1 1 0 0 0 0 1 1 0 1 1 1 1 1 1 1 1 1 0 0 1 1 1 1 0 1 1 1 1 0 0 0 1 1 0 1 1 0 1 0 1 0 1 0 1 0 0 1 1 1 
1 1 1 1 1 0 1 0 1 1 0 1 0 1 0 0 0 1 1 1 0 1 1 1 0 1 1 1 1 0 1 0 1 1 1 0 1 1 1 0 1 1 0 0 1 0 1 1 1 1 
1 0 1 1 1 1 1 1 0 1 1 1 0 1 0 1 1 1 1 1 1 0 1 1 1 1 0 1 1 0 1 0 1 1 1 1 1 0 1 0 0 0 1 0 1 1 0 0 1 1 
1 1 0 1 1 1 0 0 0 1 1 1 0 0 1 1 0 1 0 1 1 1 1 0 1 0 1 0 0 1 0 1 0 1 1 1 0 1 1 1 1 1 1 0 1 1 0 0 1 0 
1 0 1 0 0 1 1 0 1 0 1 0 1 1 0 1 1 1 0 0 1 1 1 0 0 0 0 1 1 1 0 1 1 1 1 0 1 0 0 0 1 0 0 1 1 1 0 1 0 1 
1 1 0 0 1 1 1 1 1 1 1 0 0 1 1 1 1 0 1 1 1 0 0 0 1 0 0 0 1 0 1 1 1 0 1 1 1 0 1 1 0 0 1 1 0 1 1 1 1 1 
0 0 1 1 1 0 0 0 0 1 1 1 1 1 1 0 1 1 0 1 1 0 0 0 1 1 0 1 1 1 1 1 1 1 1 1 0 0 1 0 1 1 0 0 0 1 1 1 0 0 
0 1 1 0 1 1 1 1 1 0 0 0 1 1 0 1 0 0 0 1 1 0 1 0 1 0 0 1 0 1 0 1 1 1 1 1 1 1 0 1 1 1 0 0 1 1 0 0 1 0 
1 1 0 0 0 0 1 1 1 0 1 1 1 1 1 1 0 0 1 0 0 1 0 0 1 1 1 1 0 1 1 1 1 1 1 0 1 0 1 1 1 0 1 1 1 0 0 1 1 0 
1 0 1 0 0 0 0 0 1 1 1 1 0 0 1 1 1 1 1 1 0 0 1 1 1 1 0 1 1 1 1 0 1 1 0 1 0 1 1 0 0 0 0 1 1 0 0 0 1 0 
0 1 0 1 0 1 1 0 1 0 1 1 0 1 0 0 0 1 1 1 1 0 1 1 0 1 1 1 0 1 1 1 1 0 1 1 0 0 1 0 1 1 0 1 1 1 0 0 0 1 
1 1 0 0 1 1 0 1 0 1 0 0 1 0 1 1 1 1 1 0 1 1 1 0 1 0 1 1 1 0 1 1 1 0 1 0 1 1 1 1 1 0 1 1 0 1 0 1 0 0 
1 1 0 1 0 1 1 0 0 1 1 1 1 1 1 1 0 0 1 1 1 0 0 0 0 0 1 1 0 1 0 1 0 1 0 0 0 0 1 1 1 0 0 1 1 1 1 1 0 1 
1 1 0 0 1 1 1 1 1 1 1 0 1 1 0 1 1 0 0 1 0 1 1 1 0 1 1 1 1 1 0 1 0 0 1 1 1 0 0 1 1 0 1 0 1 0 1 1 1 1 
1 1 0 0 0 1 1 1 1 0 0 0 0 1 0 1 1 1 1 1 0 0 1 1 1 1 1 1 0 1 1 1 1 1 1 0 1 1 1 0 1 0 0 0 1 1 1 0 1 1 
0 1 0 1 1 1 1 1 0 1 1 0 0 0 0 1 0 1 1 1 1 1 1 0 1 1 1 1 0 1 1 1 0 1 0 0 1 1 1 1 1 1 1 0 1 0 0 1 1 0 
0 1 0 1 0 1 1 1 0 1 0 1 1 0 0 1 1 1 1 1 0 0 1 0 0 1 0 1 0 1 1 0 1 1 1 1 1 0 1 0 1 1 0 1 1 0 1 1 1 1 
1 0 1 1 1 1 1 0 1 1 0 1 1 1 1 1 1 1 1 0 0 0 1 0 1 0 1 0 1 1 0 1 1 0 0 0 0 0 1 0 1 0 0 1 1 1 1 0 1 0 
1 1 1 1 1 1 0 0 1 1 0 0 1 0 1 0 1 1 0 1 0 0 0 1 1 1 1 0 1 0 0 1 0 0 1 1 1 1 0 1 1 0 1 1 1 0 0 1 0 1 
0 1 0 0 0 0 1 1 0 1 0 1 0 1 0 1 0 0 1 1 1 0 1 1 1 1 1 1 1 1 0 1 1 0 1 1 1 1 1 0 0 0 1 1 1 0 1 1 1 0 
