50 30 20
93 81 93 110 97 74 108 82 86 75 90 89 71 96 95 126 69 94 65 67 109 100 75 117 92 89 86 69 104 123 
33 23 12 30 54 41 3 30 3 38 10 30 42 34 11 25 48 54 19 25 30 7 59 18 7 18 15 48 19 43 50 21 27 54 55 39 42 31 20 9 4 34 58 57 2 22 57 57 30 46 
0 0 0 1 0 0 0 0 0 0 0 0 1 0 1 1 1 0 1 0 1 0 0 0 0 1 0 0 1 0 0 0 1 0 0 0 0 1 0 0 0 1 0 1 0 0 1 1 0 0 
1 1 0 0 0 0 0 1 1 1 1 1 1 1 0 1 1 0 1 0 0 0 0 0 0 0 1 1 0 0 0 1 1 0 0 0 1 0 1 1 1 0 0 0 1 0 1 0 0 0 
1 0 0 0 0 0 1 0 0 0 1 0 0 0 1 1 0 0 1 0 0 0 1 0 0 1 1 0 1 1 0 1 1 1 1 0 1 0 1 1 1 0 1 1 1 1 0 0 0 0 
1 1 0 0 0 0 0 1 0 1 0 0 0 1 0 1 0 0 1 0 0 1 0 0 1 1 0 1 0 1 0 0 0 0 1 0 0 1 1 0 0 1 1 1 0 0 0 0 0 0 
0 0 0 0 1 0 0 1 1 0 1 0 1 0 0 0 1 0 0 0 0 1 1 0 0 0 0 1 0 0 1 0 0 0 1 0 1 0 1 0 1 0 0 0 0 0 0 1 0 0 
1 0 1 1 1 0 0 0 0 1 0 0 1 0 0 1 1 1 1 0 0 0 1 1 0 0 0 0 0 0 1 1 1 0 1 0 1 0 0 0 1 1 0 1 1 0 0 0 0 0 
0 1 0 0 1 1 0 0 0 0 1 0 0 0 0 1 1 1 1 1 0 0 0 0 0 0 1 0 1 1 0 0 0 0 0 1 1 0 0 1 0 1 1 1 0 0 0 0 1 0 
0 0 0 0 1 0 1 1 0 0 1 1 0 0 0 0 1 0 1 0 0 0 0 0 1 1 0 0 0 1 1 0 1 0 0 1 1 1 1 0 1 0 1 0 0 0 0 0 1 1 
0 0 0 1 0 0 0 0 0 1 0 0 0 0 0 1 0 0 1 0 1 1 0 0 0 0 0 0 0 1 0 1 0 0 0 1 0 0 1 0 0 0 1 0 0 0 1 0 1 0 
1 1 1 0 1 0 0 1 0 0 1 1 1 0 0 0 0 0 1 1 0 0 0 0 0 0 0 0 1 1 0 0 1 0 1 1 1 0 0 1 1 1 1 0 0 1 0 1 0 1 
0 1 1 0 0 0 0 0 0 1 0 0 1 1 0 0 0 0 1 1 0 0 0 0 1 0 0 0 1 1 0 1 1 0 0 0 1 0 1 0 0 1 0 0 1 1 1 1 1 1 
0 0 0 0 0 1 1 1 0 1 0 0 1 0 1 0 0 1 0 0 1 1 1 1 1 1 0 0 0 0 1 0 1 1 0 0 0 0 0 1 1 1 0 0 1 0 1 0 0 1 
1 1 0 1 1 1 0 1 0 0 1 0 0 0 0 1 0 0 0 0 1 0 0 0 0 0 1 0 0 1 0 0 1 0 1 0 1 0 1 1 1 0 0 0 0 1 1 0 0 0 
1 0 0 1 0 0 0 1 0 1 0 1 1 0 0 0 1 1 0 0 0 1 1 1 0 0 0 1 0 0 0 1 1 0 0 0 1 0 1 1 0 1 1 1 1 0 0 0 0 1 
1 0 1 0 0 0 0 1 1 1 0 1 1 1 0 0 0 0 1 0 1 1 0 1 1 1 1 1 0 0 0 1 0 1 0 1 1 0 0 0 0 0 0 0 0 0 1 1 1 0 
0 0 0 0 0 1 1 1 1 1 1 0 0 0 0 1 1 1 0 0 0 0 1 0 0 0 0 0 1 0 1 0 1 0 0 1 1 1 0 0 1 1 0 0 0 0 0 0 0 0 
0 0 1 0 0 0 0 1 1 0 0 1 1 1 0 0 1 1 0 1 1 1 0 0 1 0 0 1 0 1 1 1 0 1 0 0 0 0 0 0 0 1 1 0 0 0 0 0 0 1 
0 0 0 0 0 0 1 0 0 0 0 0 0 1 1 0 0 0 0 1 0 1 0 0 1 0 1 0 0 0 0 0 1 0 0 1 0 0 1 0 0 1 1 0 0 0 0 0 0 1 
0 0 1 0 0 1 0 0 1 0 1 0 0 0 0 0 1 1 0 0 1 0 0 0 0 1 1 0 1 0 1 1 1 0 0 0 0 0 0 1 1 1 0 1 1 1 0 0 1 1 
1 0 0 0 0 1 0 0 0 1 1 0 1 1 1 1 1 1 0 0 0 1 0 0 1 0 0 1 0 0 1 1 0 1 1 0 1 1 0 0 0 0 1 0 1 0 1 1 0 0 
0 0 1 0 0 1 0 0 1 0 1 0 0 0 1 0 1 1 0 0 1 1 0 1 1 0 0 1 0 0 1 0 0 1 0 1 0 1 0 0 0 1 1 0 1 0 0 0 0 0 
0 1 0 0 1 0 1 1 0 0 1 0 0 1 0 1 0 0 1 1 0 0 1 0 0 0 0 1 0 0 0 0 1 1 1 0 0 0 1 1 1 0 0 1 1 1 0 0 0 0 
1 0 0 0 0 0 1 0 0 0 1 1 1 0 0 1 1 0 0 0 0 0 0 1 1 0 0 1 1 0 1 0 0 1 1 0 0 0 1 1 1 0 1 1 1 1 1 0 1 1 
0 0 1 0 0 1 0 0 1 0 0 1 0 0 0 0 1 0 0 0 0 1 0 0 0 0 0 1 1 0 0 1 0 1 1 0 0 0 0 0 1 1 0 1 1 0 0 0 0 0 
0 0 1 0 0 0 0 0 1 1 1 0 0 0 0 1 0 0 1 0 0 0 1 0 1 0 0 1 0 0 1 0 0 0 1 0 1 0 1 0 1 0 0 1 1 1 1 1 0 1 
1 0 0 0 0 1 1 0 1 1 1 0 1 0 1 0 1 0 0 1 0 0 1 1 0 0 0 0 1 0 1 0 0 0 1 0 0 1 0 1 1 1 1 0 0 0 1 0 1 0 
0 1 0 1 0 1 0 0 0 0 0 0 0 0 0 0 0 0 0 0 0 1 1 0 0 0 0 0 1 0 0 0 0 1 0 0 0 1 0 0 0 0 0 0 0 1 0 0 1 1 
1 0 1 1 1 0 1 0 0 0 0 0 0 0 1 0 0 0 0 1 0 0 0 0 0 1 0 1 0 0 1 0 0 0 0 0 1 0 0 0 1 0 0 1 1 0 0 0 1 0 
1 1 0 0 0 0 0 0 1 0 1 1 0 1 0 1 1 0 0 0 0 0 0 1 1 0 0 0 1 0 1 0 0 0 1 0 0 1 1 1 0 0 0 0 1 0 0 1 1 1 
0 0 1 1 0 1 0 0 1 1 0 0 1 0 0 0 0 0 0 0 0 0 0 1 1 0 1 1 0 0 1 1 0 0 0 0 0 0 0 0 0 0 0 0 1 0 0 0 0 0 
