50 30 20
86 84 66 76 59 78 71 77 89 99 105 81 73 90 101 73 87 72 98 86 75 77 70 72 111 85 76 120 70 86 
57 15 25 31 50 48 11 8 41 57 28 53 44 49 31 27 9 50 25 22 55 1 17 7 11 1 40 35 17 40 53 24 45 43 13 24 53 50 20 30 58 43 52 8 12 31 19 33 40 18 
0 1 0 0 0 1 1 0 0 0 1 1 0 0 1 1 1 1 0 0 0 1 0 1 0 1 1 0 1 0 1 0 1 0 1 0 0 1 0 1 0 0 0 1 0 1 1 0 1 0 
1 1 0 0 1 0 1 0 1 0 0 0 0 0 0 0 0 0 0 0 1 0 0 0 1 1 0 1 0 0 0 1 0 1 1 0 0 0 1 0 0 1 1 0 1 1 1 1 0 1 
1 1 0 0 0 1 1 0 0 0 1 0 0 1 0 1 0 0 0 0 0 0 1 0 0 0 0 1 0 0 1 1 1 0 0 1 0 0 0 0 0 0 0 0 1 0 0 1 0 0 
0 0 1 0 1 0 1 1 0 0 1 0 0 0 1 0 1 1 0 1 1 1 0 1 1 1 0 0 0 1 0 1 0 0 1 0 0 1 1 1 0 0 0 1 0 0 0 0 1 0 
0 0 1 1 1 0 0 0 0 0 0 0 0 1 0 1 1 1 0 0 0 0 0 0 0 0 1 0 0 0 1 0 0 0 0 0 0 0 0 0 1 0 0 0 0 0 0 0 0 0 
0 0 0 1 0 0 1 0 0 1 1 1 0 0 0 1 1 0 1 1 1 0 0 1 1 0 0 1 0 0 0 0 1 0 0 0 0 0 1 1 1 0 0 1 0 0 0 0 1 1 
0 1 0 0 1 0 1 0 1 0 1 0 0 0 0 0 0 0 1 0 0 1 1 0 0 0 0 0 0 0 1 0 1 0 0 0 1 1 0 0 0 0 1 0 0 1 0 1 1 0 
0 1 0 1 1 1 1 0 0 0 0 1 0 1 1 0 1 0 0 1 1 0 1 0 1 1 1 1 1 1 1 0 0 0 1 0 1 1 1 0 0 0 0 0 1 0 1 1 0 1 
0 1 1 0 0 1 0 1 0 1 0 1 1 1 1 0 0 1 0 1 0 0 0 0 1 1 1 0 0 0 0 0 0 0 1 0 0 1 1 0 1 1 0 0 1 1 0 1 0 0 
1 0 0 1 0 0 0 0 1 0 1 0 1 1 0 1 0 0 1 0 0 0 0 0 0 0 0 0 0 1 0 1 1 0 1 0 1 0 1 1 0 1 1 0 0 1 0 0 1 0 
0 0 0 0 1 1 0 1 0 0 0 1 0 0 0 0 0 1 1 1 0 1 0 1 0 1 0 0 1 0 1 1 1 1 1 1 0 0 0 0 1 1 0 1 0 0 0 1 0 1 
0 0 0 0 0 1 0 1 0 0 1 0 0 1 1 1 0 0 1 0 0 0 0 1 0 0 1 1 1 0 0 1 1 0 0 0 1 0 0 0 1 1 0 0 0 1 1 0 1 1 
1 1 1 0 0 0 0 1 1 0 1 0 1 1 0 0 1 0 0 1 1 1 1 0 1 0 0 1 1 1 1 1 0 0 0 1 0 0 1 1 0 0 0 1 1 1 0 0 0 0 
0 0 0 0 1 0 1 1 1 1 1 0 1 1 1 0 0 0 0 0 0 0 1 0 1 0 0 1 0 0 1 0 0 0 0 0 0 0 1 1 0 0 0 0 0 0 0 0 0 0 
0 0 1 1 0 0 0 0 1 1 0 1 1 1 0 0 0 1 1 1 0 0 0 0 0 1 1 1 1 0 0 0 1 0 0 1 0 0 1 1 1 0 0 0 0 0 0 1 0 1 
0 0 0 0 0 0 1 0 1 1 1 0 0 0 1 0 0 0 0 0 1 1 0 0 1 0 0 1 0 0 0 0 0 1 0 0 1 0 1 0 1 0 1 0 0 0 1 0 1 1 
0 1 0 1 0 1 1 0 0 1 0 0 0 1 1 0 0 1 0 0 0 1 0 0 1 0 1 0 0 1 0 1 1 0 0 0 1 0 1 0 0 0 0 0 0 0 0 1 1 1 
1 0 1 1 1 0 1 0 0 1 1 0 0 0 1 1 1 1 0 1 1 0 0 0 0 1 0 0 0 1 1 1 0 0 0 0 0 0 0 0 1 1 0 1 1 1 0 0 1 1 
0 1 0 0 0 1 0 0 1 1 0 0 0 1 0 0 1 0 0 0 0 1 1 1 0 1 1 0 0 0 0 0 0 0 0 1 0 0 0 0 1 1 1 1 0 1 1 1 0 0 
0 1 1 1 0 1 0 1 0 0 0 0 0 0 1 1 0 0 0 0 0 0 0 1 1 0 0 1 1 1 0 0 1 0 0 1 0 0 1 0 0 0 0 0 1 1 0 1 0 1 
1 1 0 0 1 0 0 0 1 0 0 1 1 0 1 1 0 0 0 1 0 0 0 1 0 0 0 0 1 0 0 1 1 1 0 0 1 0 1 0 0 0 0 1 1 1 0 0 0 0 
0 0 1 1 1 0 0 0 1 1 1 0 1 1 1 0 0 1 0 0 0 1 0 1 0 0 1 0 1 1 0 1 0 1 0 0 0 0 0 0 1 0 0 1 0 0 0 1 1 1 
0 1 1 1 1 1 0 1 1 0 0 1 0 1 0 0 1 0 0 0 0 0 0 1 1 1 0 1 1 0 0 1 1 1 0 0 0 1 0 0 0 0 1 0 0 0 0 1 0 0 
1 1 0 1 0 1 1 0 0 1 1 1 1 0 1 1 0 0 0 1 1 1 0 0 0 1 1 1 0 1 0 0 0 0 0 1 1 0 0 0 0 0 0 0 1 0 0 0 1 0 
0 0 1 0 1 1 1 0 0 0 0 1 0 1 0 0 1 0 1 0 1 0 1 1 0 0 0 0 1 1 1 1 0 0 0 0 0 0 1 0 0 1 1 1 1 1 0 1 0 1 
0 0 1 1 1 0 0 0 1 0 1 1 1 0 0 1 0 1 1 1 0 1 0 0 0 1 0 1 0 0 0 1 0 0 0 0 0 0 0 0 0 1 0 0 1 0 1 1 0 0 
1 1 1 1 1 1 0 0 1 0 0 0 1 0 0 1 1 0 0 0 1 0 1 1 0 0 1 0 0 1 0 0 0 0 0 1 0 0 1 0 1 1 1 0 0 1 1 0 1 0 
1 0 0 0 1 0 0 0 0 0 0 0 1 0 0 0 0 1 1 1 0 0 1 1 1 1 0 0 1 0 0 0 1 0 1 0 0 1 1 1 1 0 0 0 1 1 0 0 1 0 
1 1 1 1 0 0 0 1 0 0 0 0 1 1 1 0 0 0 0 0 1 1 1 0 1 1 0 0 1 1 1 0 1 1 1 1 0 0 0 0 0 0 0 0 0 1 0 0 1 0 
0 1 0 1 0 1 0 0 1 0 0 0 0 1 1 0 1 0 0 0 0 0 0 1 0 0 0 1 0 0 0 0 0 1 1 1 0 1 0 0 1 0 0 0 1 1 0 0 1 0 
