50 30 10
89 74 91 91 62 92 83 59 85 90 75 87 99 78 69 97 122 106 85 99 96 71 90 66 89 67 61 90 63 86 
55 49 36 2 32 26 52 55 47 56 24 7 7 51 23 37 45 40 34 50 49 57 19 40 24 47 51 36 58 44 50 15 28 3 33 46 17 24 1 6 26 27 9 50 33 2 32 16 53 10 
0 0 0 0 0 0 0 1 0 0 0 0 0 0 1 0 0 0 1 1 1 0 1 0 0 0 0 1 0 0 0 0 1 0 1 0 1 0 1 0 0 0 1 0 0 1 0 0 1 0 
0 0 0 0 0 1 0 0 0 0 0 0 1 0 1 0 0 0 0 0 0 1 1 0 1 0 1 0 1 0 0 0 0 0 0 1 0 1 0 0 0 0 0 0 1 0 0 0 0 0 
0 1 0 0 0 0 1 1 1 0 1 0 0 1 0 0 0 0 0 0 1 0 0 0 0 0 1 1 0 0 0 0 0 0 0 0 0 1 1 0 0 1 0 1 0 0 0 0 0 0 
0 0 0 1 0 0 1 0 1 0 0 1 0 0 0 1 0 0 0 0 1 1 0 0 1 1 1 0 1 1 0 0 0 0 0 0 1 0 1 0 0 0 0 0 1 0 0 0 0 0 
0 0 0 1 1 0 0 0 0 0 0 0 1 0 0 0 0 0 0 0 0 0 0 1 1 0 0 0 0 0 1 1 1 1 0 0 0 0 1 0 0 0 0 0 1 0 0 1 0 0 
0 0 0 0 0 0 0 1 0 1 0 1 0 0 0 0 0 0 0 0 0 0 1 0 0 0 0 1 0 0 0 0 0 0 0 0 0 0 0 1 0 0 0 0 0 1 0 0 0 0 
0 0 1 0 0 1 1 1 0 1 1 0 1 0 0 1 0 0 0 0 0 0 1 0 0 0 0 0 0 0 1 0 0 0 0 0 0 0 0 0 1 0 0 1 0 0 0 0 0 0 
1 0 0 1 0 0 0 0 1 0 1 0 1 1 0 0 0 0 0 1 1 0 0 0 0 0 0 1 0 1 0 0 1 0 0 1 1 0 0 0 0 0 1 0 0 0 0 0 0 0 
0 1 0 0 0 1 0 1 0 0 0 0 1 1 1 0 1 0 0 1 0 0 0 0 1 1 0 0 0 0 0 0 1 0 0 0 1 0 0 0 0 0 0 0 0 1 0 0 0 0 
0 1 0 1 1 1 0 0 1 0 0 1 1 0 1 0 0 0 0 0 0 0 0 0 0 1 1 0 0 0 1 0 0 0 0 1 1 0 0 0 0 0 1 1 1 0 1 0 0 1 
0 0 0 1 0 0 0 0 0 0 0 1 0 0 1 0 0 0 0 0 0 0 0 1 0 0 0 0 1 1 0 0 0 0 0 0 0 1 0 1 0 1 1 0 0 1 1 0 0 0 
0 0 0 0 1 1 0 0 0 0 1 1 0 0 0 0 0 0 0 1 0 1 0 0 0 1 0 0 0 0 0 0 1 0 0 0 0 0 1 0 0 0 0 1 0 0 0 0 0 0 
0 0 0 1 0 0 1 1 0 0 0 0 0 1 0 0 0 0 0 0 0 0 1 1 0 1 0 0 0 0 0 0 0 0 0 0 0 0 0 0 0 0 1 0 0 0 0 1 0 0 
0 0 0 0 0 1 0 0 0 1 0 0 0 0 0 1 1 0 0 1 0 0 0 0 1 0 0 1 0 0 0 0 0 0 0 0 0 1 0 0 0 1 0 0 0 0 0 0 0 0 
0 0 0 0 0 0 1 1 0 0 0 0 0 0 0 0 0 1 0 0 0 0 0 1 0 0 0 0 0 0 1 0 0 1 0 1 0 0 1 0 1 0 0 0 0 0 1 0 1 0 
0 0 1 1 0 1 1 0 0 0 0 1 0 0 0 0 1 1 0 1 0 0 0 0 0 0 1 0 0 0 0 0 0 0 0 0 1 0 0 0 0 0 1 0 0 0 0 1 0 0 
1 1 0 0 0 0 1 0 0 1 0 0 1 0 0 0 0 0 0 1 0 0 1 0 0 1 1 0 1 0 0 0 0 0 0 0 0 0 0 0 1 0 0 0 0 1 0 0 0 0 
0 0 1 0 0 0 0 1 1 0 1 0 0 0 1 0 1 0 0 0 0 0 0 0 1 0 0 0 0 0 1 0 0 0 1 1 1 0 0 0 0 0 0 1 0 1 1 0 0 0 
0 0 0 0 0 1 0 0 0 0 1 0 0 0 0 1 0 0 0 1 0 1 0 1 0 0 0 0 0 0 0 0 0 0 0 0 0 0 0 0 1 1 1 0 0 0 1 0 0 0 
1 0 1 0 0 0 1 1 0 0 0 0 0 0 0 1 0 0 0 0 0 0 1 1 0 0 0 0 0 0 1 0 0 0 0 1 0 1 0 0 0 1 0 0 0 0 1 1 0 0 
1 0 0 1 0 1 0 1 1 1 0 0 1 1 1 0 0 0 1 0 0 0 1 1 0 0 1 0 0 0 0 0 1 0 1 0 0 0 0 0 0 0 0 1 0 0 0 0 0 0 
0 0 0 0 1 0 0 0 0 0 0 0 0 0 0 1 0 1 0 0 0 0 0 0 1 0 0 0 0 0 0 0 0 0 1 0 0 0 1 0 0 0 0 1 0 0 0 0 0 0 
1 1 1 0 0 0 0 0 0 0 0 1 0 0 1 0 1 0 0 0 0 0 0 0 1 0 1 1 0 1 0 0 0 0 0 0 0 1 0 0 0 1 0 0 0 0 1 0 1 0 
0 1 0 0 0 0 1 0 0 0 0 1 0 0 0 1 0 0 0 0 0 1 0 0 0 0 0 0 1 1 0 0 1 0 0 0 0 1 1 0 0 0 0 0 0 0 0 0 0 1 
0 0 0 0 0 0 0 0 0 0 0 0 0 1 1 0 0 0 0 0 0 1 1 0 1 0 0 0 0 0 0 0 1 0 0 0 0 0 1 1 0 0 1 0 0 1 0 0 0 1 
0 0 0 0 0 0 0 0 0 0 0 0 0 1 0 1 0 0 0 0 0 0 0 0 0 0 0 0 0 1 0 1 1 0 0 0 1 0 0 1 1 0 0 1 0 0 1 1 0 1 
0 0 0 1 0 0 0 0 0 0 0 0 1 0 0 1 0 1 0 0 1 0 0 0 0 0 1 0 0 0 0 1 0 0 0 0 0 1 0 0 0 1 0 0 0 0 0 0 0 0 
1 0 0 1 0 0 1 0 1 1 0 0 0 0 0 0 0 0 1 1 0 1 0 0 0 0 1 0 0 0 0 0 0 1 0 1 1 0 0 1 0 0 0 0 0 1 0 1 0 0 
0 0 0 0 0 0 0 0 0 0 0 0 1 0 1 1 1 0 1 0 0 0 0 0 1 0 0 0 0 1 0 0 0 0 0 0 1 0 0 1 0 1 0 0 0 0 0 0 0 0 
1 0 0 0 0 1 0 0 0 1 0 1 0 1 0 0 0 0 0 0 1 0 1 0 0 0 0 0 0 0 0 1 1 1 0 1 0 0 0 1 0 1 0 0 1 0 1 0 1 0 
