50 40 30
65 72 83 70 78 72 64 113 85 89 89 118 106 80 84 95 83 78 103 84 89 69 80 104 84 87 89 69 63 103 78 97 97 99 124 90 84 107 104 93 
19 2 54 30 44 59 34 58 48 58 50 41 13 53 13 23 20 52 34 14 54 25 3 29 22 15 8 20 33 10 34 44 25 59 47 46 55 35 20 54 32 55 10 11 21 55 50 35 32 9 
1 1 1 1 0 0 1 1 0 0 0 1 1 1 1 1 1 1 0 1 1 0 1 0 1 0 0 1 0 1 1 1 0 0 1 0 0 1 0 1 1 0 1 1 1 1 1 0 1 0 
1 1 1 1 0 0 1 1 0 0 1 0 1 1 0 1 0 1 1 1 1 1 1 0 1 1 1 1 1 1 1 1 1 1 0 0 0 1 1 1 1 0 0 0 1 1 0 1 0 1 
1 0 0 0 1 1 0 0 1 0 1 1 0 0 1 1 1 1 1 1 1 0 1 0 1 1 0 0 1 0 0 1 0 1 0 0 0 1 0 1 1 0 1 0 1 1 0 1 0 0 
1 1 1 0 1 0 1 1 0 1 0 0 1 1 1 1 1 1 0 1 0 1 0 1 1 1 1 0 0 1 1 1 1 0 1 1 1 1 1 0 0 1 1 0 0 0 1 0 0 0 
1 1 1 1 1 0 1 0 0 0 1 0 1 0 0 1 1 1 1 0 1 1 0 1 1 1 1 1 1 0 1 0 0 1 1 0 1 1 1 0 0 1 0 1 1 1 0 1 1 0 
1 1 1 0 0 1 1 0 1 0 0 1 0 1 1 1 1 0 1 1 1 0 1 1 0 0 1 1 1 1 1 0 1 1 0 1 0 1 1 1 0 1 1 1 1 1 1 1 1 0 
1 1 1 1 1 0 0 1 1 0 1 1 0 1 0 1 0 0 1 0 1 0 0 1 0 1 1 0 1 0 1 1 1 0 1 1 0 1 0 1 1 1 1 1 0 0 0 0 0 0 
0 1 0 0 0 1 1 1 0 0 0 1 1 1 1 1 1 0 1 1 0 0 0 0 1 1 1 0 1 1 0 1 0 1 1 1 1 0 1 1 1 1 0 1 1 1 1 0 0 0 
0 1 1 1 1 1 0 0 1 1 0 1 0 1 0 1 0 1 0 1 1 0 1 0 0 1 0 0 0 0 1 1 1 1 1 0 0 1 1 0 1 0 0 1 0 1 0 0 0 0 
0 1 1 1 1 0 0 0 1 1 0 0 1 0 1 1 1 0 0 0 0 1 1 0 1 0 0 0 1 0 0 0 1 1 1 1 1 1 0 0 1 1 1 0 1 1 0 0 1 1 
0 0 1 1 1 0 0 0 0 1 0 1 0 1 1 1 0 1 1 0 1 1 1 1 0 0 1 1 1 1 1 1 1 1 0 0 1 0 0 0 0 1 0 1 1 0 0 0 1 1 
1 1 0 1 1 0 1 1 1 1 1 1 1 1 1 0 1 0 1 1 1 1 1 1 1 0 1 1 1 0 1 1 1 1 1 1 1 1 1 0 1 0 1 0 1 1 0 0 1 1 
1 0 0 0 1 0 0 0 1 0 0 1 1 1 0 0 0 1 0 0 1 1 0 1 0 1 0 1 0 1 1 1 0 0 1 1 1 0 1 0 1 0 1 1 1 1 1 1 0 1 
1 0 1 1 1 0 1 1 0 0 0 1 1 1 0 0 1 1 1 1 1 0 1 1 1 1 0 1 0 1 1 0 1 1 0 0 1 0 1 1 0 1 0 1 1 1 1 0 0 0 
1 1 1 0 0 1 1 1 1 1 0 0 1 1 0 0 1 0 1 1 0 1 1 1 0 1 0 1 1 0 1 0 1 0 1 0 0 0 0 1 1 1 0 0 1 0 1 1 1 1 
0 1 1 0 0 0 0 1 1 1 1 0 1 0 0 1 1 1 0 1 1 1 1 0 1 1 0 1 1 1 0 1 1 1 1 0 0 1 1 1 0 0 1 0 0 1 1 0 1 0 
1 0 1 0 0 1 1 1 1 1 1 0 1 1 1 1 0 0 0 1 0 1 1 1 1 1 0 1 1 1 1 0 1 1 0 0 1 0 0 0 0 0 0 0 0 1 1 0 1 1 
0 0 1 1 1 1 1 1 1 1 1 0 0 1 0 0 1 1 1 0 1 1 1 1 1 1 0 1 1 0 1 1 0 1 1 1 0 1 0 1 1 0 0 1 1 1 1 1 0 1 
1 0 1 1 1 1 1 0 1 1 0 1 1 1 1 1 1 1 1 1 1 0 1 1 0 1 1 1 1 0 1 1 0 1 1 1 1 1 1 1 1 1 0 1 1 1 0 1 1 0 
1 1 1 0 1 1 1 1 1 0 1 1 1 1 1 1 0 1 0 1 1 1 0 1 0 1 1 1 1 0 0 0 1 1 1 1 0 0 0 1 1 1 0 0 0 0 0 1 1 0 
1 1 0 0 0 0 1 0 1 1 1 1 0 1 0 1 1 1 1 0 1 1 0 1 1 0 0 1 1 1 0 1 1 1 1 1 1 1 0 1 0 0 1 0 1 1 0 1 0 1 
1 0 0 0 1 1 1 1 0 1 0 1 1 1 0 0 1 1 1 0 0 1 1 1 0 1 0 1 1 1 1 1 0 1 1 0 1 0 0 0 1 1 1 0 0 1 0 1 0 0 
1 0 1 1 1 1 1 1 1 1 0 1 1 1 1 1 1 0 1 1 1 0 1 0 1 0 1 0 1 1 1 1 1 0 1 0 0 1 1 0 1 1 0 0 1 1 1 0 1 1 
1 0 0 0 0 1 1 1 1 1 1 1 1 1 1 0 1 0 1 1 1 1 1 0 1 1 1 1 1 1 1 1 0 0 0 1 0 0 1 1 1 1 0 1 0 0 0 1 1 0 
1 1 1 1 1 1 0 1 0 1 1 1 1 1 1 0 1 0 0 1 1 1 1 0 1 1 1 1 0 0 1 1 1 0 0 0 0 1 1 0 0 0 0 1 1 0 1 0 0 1 
1 0 0 1 0 1 1 1 0 0 1 1 0 0 0 1 0 0 1 1 1 1 1 1 1 1 1 0 1 1 1 1 1 0 1 1 1 1 0 0 1 1 0 1 0 1 0 0 1 1 
1 0 0 0 1 1 1 1 0 1 1 1 0 0 0 0 1 1 1 1 0 0 1 1 0 1 1 0 1 0 1 1 0 1 1 1 1 1 0 1 0 1 1 1 0 1 1 1 0 1 
0 0 0 1 0 1 0 0 1 0 1 1 1 1 1 1 0 1 0 1 0 1 1 1 0 1 1 0 0 1 1 1 0 1 1 1 0 0 0 1 1 0 0 1 0 1 1 0 0 1 
1 0 0 1 0 1 0 0 1 1 0 1 1 0 1 0 0 0 0 1 1 1 0 0 0 0 1 1 1 1 0 0 0 1 1 1 1 1 1 0 0 1 1 0 1 1 1 1 0 0 
0 0 1 1 0 0 0 1 1 1 1 0 0 1 0 1 0 1 1 1 1 1 1 0 0 1 0 0 1 1 1 0 0 1 1 1 1 1 1 1 1 1 0 1 1 1 0 1 1 0 
1 0 1 0 0 1 1 0 0 0 1 1 0 0 0 0 1 0 1 0 1 1 1 0 0 0 1 1 1 0 1 1 0 0 1 1 0 0 0 0 1 1 1 1 0 0 1 1 0 1 
0 1 0 1 1 0 1 1 0 0 1 1 1 1 0 0 0 0 0 1 1 1 1 1 1 1 1 0 1 0 1 1 1 0 0 0 0 0 1 0 1 0 1 1 1 1 1 1 0 1 
0 1 0 0 0 0 0 1 1 1 0 1 1 0 1 0 0 0 1 1 0 1 1 1 0 1 1 1 0 1 0 1 1 1 1 1 1 1 1 0 0 1 1 1 0 1 0 1 1 1 
1 0 1 1 0 0 1 1 0 0 1 1 0 1 1 1 0 0 0 0 1 0 0 1 0 1 0 0 1 0 1 1 0 1 0 1 0 0 0 1 0 0 1 0 1 1 0 1 0 0 
1 0 1 1 0 1 1 1 1 1 0 0 1 1 1 0 1 1 0 0 0 1 1 0 1 0 0 1 1 1 1 0 1 1 0 1 1 1 1 1 1 1 0 1 1 1 1 1 0 1 
1 0 1 0 1 1 1 0 0 0 1 0 1 1 0 0 1 0 0 1 1 0 1 0 1 1 0 0 1 0 0 1 1 0 0 0 1 1 0 0 1 1 1 1 0 0 1 1 1 1 
0 1 1 1 1 1 0 1 1 1 1 0 0 0 1 0 1 1 1 1 0 0 0 1 0 0 1 1 0 1 1 1 1 0 1 0 1 0 1 0 1 1 1 0 0 0 1 1 1 1 
1 1 1 1 1 0 0 1 1 0 0 1 0 0 1 1 0 0 0 1 1 1 0 0 0 1 1 0 0 0 1 1 0 1 0 1 1 1 1 1 1 1 1 1 0 0 1 1 0 0 
1 1 0 1 0 0 0 0 1 0 1 0 1 0 1 1 1 1 1 1 0 1 0 1 1 1 1 1 1 1 0 0 1 1 1 1 0 0 0 1 1 1 0 1 1 1 0 1 1 0 
1 1 1 0 1 0 0 0 1 1 1 1 1 1 1 0 0 0 1 1 1 1 0 1 0 0 1 0 1 1 1 1 0 0 1 1 1 1 1 1 1 0 0 1 1 1 1 1 1 0 
