50 30 20
93 68 64 75 99 91 95 81 74 82 83 75 70 123 96 98 66 98 131 70 103 112 84 115 65 71 89 88 93 80 
54 37 21 26 31 39 20 57 22 29 15 39 16 37 31 44 43 24 36 29 55 36 53 13 34 43 48 29 49 13 18 44 52 37 36 34 23 45 11 49 33 16 54 39 59 34 16 55 3 10 
0 1 0 1 1 0 0 1 0 0 0 1 1 0 1 0 0 1 1 0 1 1 1 0 0 1 0 0 0 0 0 0 1 0 0 0 0 1 0 0 0 0 1 0 1 0 1 1 0 0 
0 1 1 1 0 0 0 1 0 1 0 0 0 0 0 0 1 0 0 1 0 1 0 1 0 0 1 1 1 1 1 0 1 1 1 0 0 1 0 1 0 1 1 1 1 0 0 0 1 1 
1 0 0 0 0 0 1 0 0 1 0 0 0 0 1 1 0 1 0 0 0 1 1 1 0 1 1 0 0 1 1 0 0 0 0 0 0 0 1 1 1 0 0 0 1 1 0 0 1 1 
1 1 1 1 0 0 0 0 1 0 0 0 0 0 0 0 0 0 0 0 0 1 1 0 0 0 1 0 1 0 1 0 1 0 0 0 1 0 0 0 1 1 0 0 0 0 0 1 0 1 
0 1 1 1 0 0 0 0 1 0 1 1 0 1 0 0 1 1 1 0 0 0 1 1 0 0 1 0 0 0 0 0 0 0 0 1 1 1 1 0 1 0 0 1 0 0 0 0 0 0 
1 1 0 0 1 0 0 1 1 0 1 1 1 0 1 1 0 1 0 1 1 0 0 1 1 0 0 1 0 1 1 0 0 0 1 1 0 0 1 1 1 0 1 0 0 0 0 1 0 1 
0 1 0 0 1 0 1 1 1 1 1 0 1 0 0 0 0 1 0 1 0 0 1 0 0 1 0 1 1 0 1 0 0 1 0 1 0 0 0 0 0 0 1 1 0 1 0 0 0 0 
0 0 1 1 0 1 1 1 1 0 0 1 0 1 0 0 0 1 1 0 0 0 0 0 0 1 1 1 0 1 0 0 1 0 1 0 0 1 0 1 0 1 1 1 1 1 0 0 0 1 
0 0 1 0 1 1 0 0 0 1 0 1 0 0 0 1 0 1 1 0 1 1 1 0 0 1 0 1 0 1 1 0 1 0 0 0 0 1 0 0 0 0 1 0 1 0 1 0 0 0 
0 0 1 0 0 1 1 0 1 0 1 1 1 0 1 1 1 1 1 0 1 1 0 1 1 0 0 1 1 1 0 0 0 0 0 0 1 1 1 0 1 0 0 0 0 0 1 0 0 1 
1 0 0 1 0 1 0 0 0 0 0 1 0 0 0 0 0 0 1 0 0 1 1 1 0 0 0 0 0 0 0 0 1 1 0 1 1 0 0 0 0 1 0 0 0 0 0 1 0 0 
0 0 1 0 0 0 0 0 0 1 1 0 0 1 1 1 0 0 1 0 0 1 0 1 0 0 0 1 1 0 0 1 0 0 1 0 1 1 0 1 1 1 0 1 0 0 0 0 0 0 
0 0 1 1 0 1 0 0 0 0 1 0 0 0 1 1 0 0 1 0 0 1 0 0 1 1 1 0 0 1 0 1 0 0 1 0 0 0 1 0 0 1 1 1 0 1 0 1 0 1 
0 0 1 0 0 1 0 1 0 1 0 1 1 0 0 0 1 0 0 1 1 0 1 0 1 1 0 0 1 1 0 0 0 0 0 0 0 1 0 1 0 0 1 0 0 1 1 1 0 0 
0 0 1 0 0 1 0 0 1 0 0 0 0 1 0 0 1 0 0 0 0 1 0 1 1 0 1 1 1 0 0 0 0 0 1 0 1 1 0 0 1 0 1 0 0 1 1 0 0 0 
0 0 1 0 1 1 0 0 1 1 0 0 1 0 1 0 1 1 0 1 0 0 1 0 0 1 1 0 0 1 0 0 1 1 0 0 1 0 0 1 0 0 1 0 0 1 1 0 1 1 
1 0 0 1 0 1 0 1 0 0 0 1 1 0 0 0 1 0 1 0 0 0 0 1 0 0 0 0 0 0 0 0 0 1 0 1 0 0 0 0 1 0 0 0 0 0 1 1 0 0 
0 1 1 0 1 0 0 1 1 0 1 1 0 1 0 1 0 0 1 1 0 1 0 0 0 1 1 1 0 1 0 0 0 1 0 0 0 1 0 1 0 1 0 0 1 1 1 1 1 0 
1 0 1 0 0 0 1 1 0 1 0 1 1 0 1 1 1 0 1 0 1 0 0 0 0 1 0 1 1 1 1 0 0 0 0 1 0 0 1 1 0 0 0 1 1 0 0 0 1 0 
0 0 0 1 0 0 0 0 1 1 0 0 1 1 0 1 1 1 0 0 1 0 1 0 1 1 1 1 0 0 1 0 0 1 0 0 0 0 1 1 0 0 0 1 1 0 1 1 1 0 
0 0 0 0 0 0 1 0 0 1 1 0 0 1 0 0 1 0 1 0 0 0 0 1 0 1 0 0 1 1 0 0 0 0 0 1 0 0 0 0 0 0 0 0 0 1 1 0 0 1 
0 1 0 0 0 1 1 0 0 0 0 1 0 0 1 0 0 1 0 1 0 0 1 0 0 0 1 1 1 0 1 1 0 0 1 1 0 0 1 0 0 0 0 1 1 1 0 1 1 1 
1 0 0 0 1 1 0 1 1 0 0 0 1 1 1 0 0 0 1 0 0 1 0 1 1 1 1 0 1 0 0 0 1 0 0 1 1 0 0 1 0 0 1 0 0 0 1 0 0 0 
0 1 0 0 0 1 0 1 0 1 0 1 1 0 1 0 1 1 1 0 0 0 0 1 0 0 0 1 0 0 1 1 0 1 1 0 0 1 0 1 1 1 1 0 0 1 0 1 0 0 
1 0 0 1 0 1 0 0 0 1 1 1 1 0 0 0 1 1 0 1 1 1 0 1 0 1 0 0 0 1 0 1 0 0 0 0 1 0 0 1 0 0 1 0 0 0 0 0 0 1 
0 0 1 0 0 1 1 1 0 0 0 1 0 1 1 1 0 0 0 0 0 1 1 0 1 0 0 0 1 0 0 0 0 0 0 1 0 0 0 0 0 0 0 1 0 1 0 1 1 0 
0 1 0 0 0 1 0 0 0 0 1 0 0 1 1 1 0 0 1 0 1 1 1 0 0 0 0 0 1 1 1 1 0 1 1 0 0 0 1 1 0 0 0 1 0 1 0 1 1 0 
0 1 0 1 1 1 0 1 1 0 1 0 1 0 0 0 0 0 0 0 1 1 0 1 1 1 1 1 0 1 1 1 0 1 1 1 0 0 1 0 0 0 0 1 1 0 1 0 1 1 
1 0 1 1 1 0 0 1 0 0 0 1 1 1 0 0 1 0 0 1 1 0 0 0 0 0 0 0 1 0 0 1 0 1 0 0 0 1 1 0 0 1 1 0 0 0 0 1 0 0 
0 0 1 0 1 0 0 0 0 0 1 0 1 0 1 1 0 1 0 0 0 0 0 1 0 0 1 1 0 1 0 0 1 0 0 0 0 0 1 0 0 0 0 1 0 1 0 1 0 0 
