100 40 30
107 59 91 94 87 80 71 102 104 111 88 123 60 83 95 67 89 91 70 107 71 119 94 89 82 88 81 87 92 113 74 98 83 108 116 90 103 97 109 87 
11 1 39 31 23 14 44 17 20 48 27 59 38 21 49 56 33 2 4 17 57 29 21 58 56 35 37 36 45 48 18 48 58 56 57 24 41 57 57 46 25 33 35 4 48 19 12 45 35 5 3 40 49 55 48 55 46 54 25 33 50 6 45 36 26 25 15 7 46 15 13 22 25 57 18 32 45 54 43 31 19 46 19 35 31 57 54 58 53 48 26 9 49 9 4 47 12 50 18 43 
1 1 0 1 1 1 1 1 0 1 0 1 0 1 1 0 1 0 0 0 0 1 1 1 1 0 0 1 0 1 0 0 1 1 1 1 1 0 1 0 0 0 1 1 1 1 1 0 1 1 1 1 1 1 1 1 0 1 1 1 1 1 0 1 1 0 1 1 1 1 1 1 1 1 1 1 1 1 1 1 1 0 0 1 1 0 0 0 0 0 1 1 1 1 0 1 1 0 1 1 
1 0 1 1 0 0 1 0 1 1 0 1 1 1 0 1 1 1 1 0 1 1 0 0 1 1 0 0 0 1 0 1 0 1 1 1 1 0 1 1 0 0 1 1 1 1 1 1 1 1 1 0 1 1 1 1 1 0 1 0 1 1 1 0 1 0 0 1 1 1 0 1 1 1 1 1 0 1 0 1 1 1 1 1 1 1 0 1 1 0 1 1 1 0 1 0 0 0 1 0 
1 0 1 1 1 1 0 0 0 1 0 1 1 1 0 1 1 0 1 1 1 1 1 0 1 1 0 1 1 1 0 0 1 1 1 0 0 1 1 1 1 1 1 1 1 0 1 0 1 1 1 1 1 0 1 0 1 0 0 1 1 0 1 1 1 0 0 0 1 0 1 1 1 0 1 1 0 1 0 0 0 1 1 1 0 0 0 1 1 1 1 0 1 1 0 0 1 1 1 0 
1 0 1 1 1 1 0 1 0 1 1 1 1 1 0 1 1 0 1 1 0 0 1 0 1 1 1 0 0 0 1 1 0 1 0 1 0 0 1 0 0 1 1 1 0 1 1 1 1 1 1 1 0 0 0 1 0 1 0 0 0 1 1 0 1 1 0 1 0 0 1 1 1 1 1 1 1 1 0 1 0 0 1 0 1 1 1 1 1 1 1 1 1 0 0 1 1 1 1 1 
0 0 1 0 1 1 1 1 0 1 1 0 1 1 0 1 1 1 1 0 1 1 1 1 1 1 0 0 0 0 0 0 1 1 0 1 0 0 1 1 1 0 0 1 1 1 1 1 0 1 1 1 0 1 1 1 1 1 1 1 1 0 1 1 1 1 0 0 1 1 1 0 1 1 1 1 1 1 0 1 1 1 1 1 0 1 0 1 1 0 0 0 1 0 0 0 1 0 1 1 
0 1 1 1 1 0 1 1 1 0 0 1 1 0 1 0 1 1 1 0 1 1 0 1 0 1 1 1 1 0 0 1 1 1 0 0 1 1 0 1 1 1 1 1 1 1 0 1 1 1 1 1 1 1 1 1 1 1 1 1 1 1 0 1 1 1 0 1 0 1 1 1 0 0 0 1 0 1 0 1 0 0 1 0 1 0 1 0 0 1 1 1 1 1 0 1 1 1 1 0 
1 0 0 1 1 0 1 0 0 1 1 0 0 1 0 0 1 1 0 1 0 1 0 0 0 0 1 0 1 0 1 0 1 1 1 1 0 1 0 0 0 1 1 0 0 1 1 1 0 1 1 1 1 1 0 1 1 1 1 1 1 1 1 0 1 1 1 0 0 1 1 1 0 1 1 0 1 0 1 1 0 1 1 1 0 1 1 0 1 1 0 1 1 1 1 1 1 0 0 1 
0 0 0 1 1 1 0 0 1 0 1 0 0 0 1 0 1 1 0 0 1 1 0 0 1 1 1 0 0 1 1 1 1 0 1 1 0 1 0 1 1 1 1 1 1 0 1 1 0 1 1 0 1 1 1 1 1 1 0 1 1 1 0 0 0 0 1 1 1 1 0 0 0 1 0 1 1 1 1 0 1 1 1 1 0 1 1 1 0 1 0 0 0 0 1 1 0 0 1 0 
1 0 0 0 1 1 1 0 1 1 0 0 1 0 0 0 1 1 1 1 0 0 1 0 1 0 1 0 1 1 0 1 0 0 1 1 0 0 1 0 1 1 0 1 0 0 0 1 1 1 0 0 1 1 1 1 1 1 0 1 1 1 1 1 0 1 0 1 1 1 0 0 1 0 0 0 0 1 1 0 0 1 1 1 0 1 1 1 1 0 0 1 1 1 1 1 1 0 1 0 
0 0 1 1 1 1 1 1 1 1 1 0 1 1 0 0 0 0 1 1 1 1 1 1 0 1 0 0 1 1 1 1 0 1 1 1 1 1 1 1 1 0 1 1 1 1 1 0 0 0 1 1 0 0 1 1 1 1 1 0 1 1 1 1 1 1 1 1 1 0 1 1 1 0 0 1 1 1 1 1 1 1 0 1 0 0 1 1 1 1 1 0 1 1 1 1 1 1 0 1 
1 1 1 1 1 1 1 1 1 1 1 1 1 0 1 1 0 1 1 1 1 1 1 1 1 0 0 1 0 1 0 1 0 1 1 0 1 1 1 0 1 1 1 1 1 1 1 1 1 0 1 1 1 1 0 1 1 1 1 1 1 0 0 1 1 0 0 1 1 1 1 0 1 1 1 1 1 0 1 0 1 0 0 1 1 0 1 1 1 1 1 1 0 1 0 0 0 0 1 1 
0 1 1 1 1 1 1 1 1 1 1 1 1 1 1 0 1 1 0 1 0 1 1 1 0 1 1 1 1 1 1 1 1 0 1 1 1 1 1 1 1 0 1 1 1 1 0 0 1 1 0 1 0 1 0 1 0 1 1 0 1 0 0 1 0 1 0 1 0 1 0 1 0 1 1 1 0 1 0 1 1 1 1 1 1 1 1 1 1 1 1 1 0 0 1 0 1 1 0 0 
0 0 1 1 0 1 0 0 0 1 0 0 1 1 1 0 1 0 0 0 1 1 1 1 1 1 0 1 0 0 0 0 1 1 1 0 1 0 1 1 1 0 0 0 0 1 1 1 0 0 1 1 0 0 1 0 1 1 1 1 0 1 1 1 0 1 0 1 1 1 0 0 1 0 0 1 0 1 1 1 1 1 1 1 0 1 1 1 1 1 0 0 1 1 0 0 0 1 0 0 
0 0 0 0 0 1 1 1 0 1 0 1 0 1 0 1 1 1 1 1 0 1 0 1 1 1 1 1 0 1 1 1 0 0 0 1 1 0 1 1 1 1 0 1 1 0 1 1 0 1 1 1 1 1 0 1 0 1 1 1 1 0 0 1 0 1 1 1 0 1 1 0 1 0 0 0 1 1 0 1 1 1 1 0 0 1 1 1 0 1 1 1 0 1 0 1 0 1 0 0 
1 1 1 0 1 1 1 1 1 1 1 0 1 1 1 1 0 0 0 1 0 0 1 1 1 1 0 1 1 0 1 0 1 1 1 0 0 1 0 0 0 0 0 0 0 0 0 1 1 1 0 1 1 1 1 1 1 0 0 0 0 1 1 1 1 1 0 0 1 1 1 1 1 1 1 0 1 0 1 0 1 1 1 1 1 0 1 0 1 1 1 0 1 0 1 1 1 0 0 0 
0 1 0 1 0 1 1 0 1 1 1 0 0 1 1 1 1 1 0 1 1 1 1 1 1 1 0 1 1 1 0 1 0 1 0 1 1 1 0 1 1 0 0 1 1 1 0 1 0 0 1 1 1 0 1 0 1 1 0 1 1 1 0 0 1 0 1 1 1 1 0 1 0 1 1 1 1 1 1 1 0 1 0 1 1 1 1 0 1 0 0 1 1 1 0 1 1 1 1 0 
1 1 1 1 1 1 1 1 1 0 1 1 0 1 1 0 1 1 0 0 0 0 0 0 1 0 1 0 1 1 1 0 1 1 1 1 0 1 0 0 1 0 1 1 1 1 1 0 0 0 1 1 0 0 1 1 0 1 1 0 0 1 1 0 1 0 1 0 0 1 1 0 1 1 1 0 0 1 1 0 1 1 1 1 1 1 0 1 1 1 0 1 1 1 1 0 1 1 0 1 
1 1 1 1 0 1 0 0 1 0 1 0 0 1 1 1 1 1 0 1 0 1 1 0 1 1 0 0 1 1 1 1 0 1 1 1 1 1 1 1 1 1 1 1 1 0 0 1 1 1 0 1 1 0 1 1 0 0 1 1 0 0 1 1 1 1 1 1 0 0 0 1 1 1 1 0 0 1 1 0 1 1 0 1 0 1 1 0 1 1 0 1 0 1 1 1 0 0 1 0 
1 1 1 1 1 0 0 1 0 1 0 0 0 0 0 1 1 0 0 1 1 1 1 0 1 0 1 1 0 1 0 1 1 1 1 1 0 0 0 1 1 1 1 1 0 0 1 1 1 1 1 0 0 1 1 0 0 1 1 0 1 1 1 0 1 1 0 0 1 0 0 1 1 0 1 1 1 1 0 1 1 0 0 0 0 1 1 1 1 0 0 1 1 1 1 0 1 1 1 0 
1 0 1 1 0 1 1 1 0 0 1 0 1 1 1 0 0 1 1 1 0 1 0 1 1 0 0 0 0 1 0 1 0 1 1 1 1 0 1 1 1 1 1 1 1 1 0 0 0 0 1 1 1 1 0 0 1 1 0 0 1 1 1 0 1 1 0 1 0 1 1 1 1 1 0 1 0 1 1 1 1 0 1 0 1 1 0 0 1 1 1 1 1 1 1 0 1 1 0 1 
1 0 1 1 1 1 0 1 1 1 0 1 0 1 1 1 1 1 1 1 0 1 1 1 1 1 1 1 0 1 0 1 0 1 0 0 0 1 1 1 1 1 1 1 1 0 0 1 0 0 0 0 0 1 1 1 1 1 1 1 1 1 0 1 0 0 0 1 1 0 1 1 0 1 1 0 0 1 1 1 1 1 1 1 0 1 0 0 0 1 1 1 0 1 1 1 1 1 1 1 
0 0 0 1 1 0 1 1 0 1 1 0 0 0 0 1 1 1 1 1 0 1 0 0 1 1 1 0 1 1 1 1 1 0 1 1 0 0 1 1 0 1 0 1 1 1 1 1 0 1 1 1 0 1 0 1 1 0 1 0 0 1 0 1 1 0 0 0 1 0 0 0 1 1 1 0 0 1 1 1 0 1 0 1 0 0 1 1 1 1 1 0 1 1 1 1 1 0 1 1 
1 1 1 1 1 0 1 1 1 0 1 1 0 0 1 0 1 1 0 1 0 1 0 1 1 0 1 1 1 1 1 0 1 1 1 0 0 1 0 1 1 1 1 0 0 0 1 0 0 1 1 1 1 1 1 0 1 1 1 1 1 0 1 0 0 0 1 1 1 1 1 1 1 1 1 1 1 1 1 1 0 1 1 1 1 1 1 1 1 1 1 1 1 0 1 1 1 1 1 1 
1 1 0 1 0 1 1 1 1 1 1 0 0 1 0 0 0 1 1 1 0 0 1 0 1 1 1 0 0 1 1 0 0 1 0 0 1 0 1 0 1 1 1 0 0 1 0 1 0 1 0 1 1 0 0 1 1 1 0 1 1 1 1 1 0 1 0 1 0 1 1 1 1 1 1 0 1 0 0 0 1 0 0 0 1 1 1 1 1 1 1 1 1 1 1 1 1 1 1 0 
1 1 1 1 0 0 1 1 1 0 0 1 0 0 1 0 1 1 0 1 1 0 0 1 1 1 1 1 1 0 1 1 1 1 1 1 1 0 1 1 1 1 1 1 1 1 0 1 1 0 0 1 1 0 1 0 1 0 1 0 1 1 0 1 1 1 1 1 1 1 1 0 1 1 1 1 1 1 1 0 0 0 1 1 1 1 1 0 1 0 0 1 1 1 1 1 1 0 1 0 
0 1 1 1 0 1 0 1 1 1 1 1 1 1 0 1 0 0 1 1 1 1 0 1 1 0 1 1 0 1 1 1 1 1 1 1 1 0 0 1 1 1 0 1 1 1 1 1 1 1 1 0 0 0 1 1 1 0 0 1 0 1 1 0 0 0 1 1 1 1 1 0 0 1 1 1 1 1 0 0 1 1 1 0 1 0 1 1 1 1 0 1 1 1 1 0 0 0 1 1 
0 0 0 0 1 1 1 1 1 1 1 1 0 1 1 1 1 1 0 1 1 1 1 1 0 1 0 1 0 1 1 0 0 1 1 0 1 1 0 1 1 0 1 0 0 1 1 1 1 0 1 1 1 1 1 1 1 0 1 0 0 1 1 1 1 1 1 1 1 1 1 1 1 1 1 0 1 0 1 0 1 1 1 1 0 1 1 1 0 1 1 1 1 1 1 0 1 0 0 1 
1 1 1 1 1 1 1 0 0 0 1 1 0 1 1 1 0 0 1 1 0 0 1 0 1 1 1 0 1 0 1 1 0 1 0 0 1 1 1 1 1 1 1 1 1 0 0 1 1 1 1 0 1 0 1 0 1 0 0 1 0 1 1 1 1 0 1 1 0 1 0 1 0 1 1 1 0 1 1 0 0 1 0 1 1 1 0 0 0 1 1 1 1 0 0 1 0 0 1 0 
1 0 1 0 0 1 1 0 0 1 1 1 0 1 1 1 1 1 1 0 1 1 1 0 0 1 1 1 1 1 1 1 1 1 0 0 0 0 0 0 1 1 1 0 1 0 1 1 0 1 1 0 1 0 0 1 1 0 1 1 1 0 1 0 1 0 1 0 1 1 1 0 1 1 0 1 1 0 0 1 1 0 1 1 1 1 1 0 0 1 0 0 1 1 1 1 1 1 0 1 
1 0 1 1 1 0 1 0 1 0 0 1 1 1 1 0 1 1 0 1 1 1 0 0 1 0 0 0 1 1 1 0 1 1 0 1 0 1 1 1 0 0 1 0 0 0 1 0 1 1 0 1 0 0 1 1 0 1 1 1 1 0 1 1 1 1 0 1 1 1 0 0 1 0 1 0 0 0 1 0 1 1 0 1 1 1 1 0 1 1 1 1 1 0 0 1 1 1 1 1 
1 0 1 1 1 1 1 1 1 1 1 1 1 1 0 1 0 0 0 1 1 0 1 1 1 0 0 1 1 1 0 0 0 0 0 1 0 0 1 0 1 0 0 1 0 1 0 1 1 0 1 1 1 1 1 1 1 1 1 0 1 1 0 1 1 0 1 1 1 0 1 0 0 1 0 0 0 1 1 1 1 0 0 0 1 0 0 0 0 1 1 0 1 0 1 1 1 0 0 1 
1 1 1 1 0 0 0 0 1 1 0 1 1 1 0 1 1 1 1 1 0 1 1 1 0 1 1 1 1 1 1 1 1 1 1 1 0 1 1 1 1 1 1 1 1 0 1 0 1 1 1 1 0 1 1 0 1 1 1 1 0 0 1 0 1 1 1 0 1 1 1 1 1 1 1 0 1 1 1 1 0 1 1 1 0 1 1 1 1 1 1 1 1 0 1 0 1 0 1 0 
1 1 1 1 0 1 1 0 1 1 1 0 0 1 1 1 0 1 1 0 1 1 0 0 0 1 1 1 0 0 1 0 1 1 0 0 0 1 1 0 1 0 1 1 1 0 1 1 1 1 1 0 1 1 1 0 1 0 1 1 1 0 0 1 1 0 0 1 1 0 0 1 1 0 0 0 1 1 1 0 1 0 1 1 1 1 1 1 1 0 1 1 1 1 0 0 1 1 1 1 
0 0 0 1 1 1 1 0 0 1 0 1 0 0 1 0 1 0 1 0 0 1 0 1 1 1 0 1 1 1 1 0 1 0 0 0 1 0 0 0 0 1 1 1 1 1 0 1 1 1 0 1 1 1 1 1 0 0 1 1 0 0 1 1 1 1 1 1 1 1 1 0 1 1 1 1 1 1 0 0 1 1 0 1 1 1 1 1 1 0 1 1 0 1 0 1 0 0 0 0 
0 1 1 0 0 1 0 1 0 0 1 0 0 1 1 1 1 1 0 1 1 1 1 1 1 1 0 0 1 0 0 0 1 0 1 1 1 1 0 0 1 1 1 0 0 0 1 0 0 1 0 0 0 0 1 0 0 1 1 0 1 0 1 0 1 1 1 1 1 0 0 0 1 0 1 1 1 1 1 1 1 0 0 1 0 0 1 1 1 1 0 1 1 0 1 1 0 0 1 1 
1 1 0 1 1 1 0 0 1 1 1 1 1 1 0 1 1 1 0 0 0 0 1 1 0 1 1 0 0 1 1 1 0 1 1 1 1 0 1 0 0 0 0 1 0 1 1 1 1 1 1 1 0 0 1 1 0 1 1 1 0 0 0 1 1 1 1 1 0 0 0 0 0 1 0 0 0 1 1 1 1 1 0 1 0 0 1 1 1 1 1 1 0 1 1 0 1 1 1 0 
0 1 1 1 1 0 1 1 0 0 0 1 1 1 0 1 0 1 0 0 0 1 1 1 1 1 1 0 1 1 1 1 1 1 1 0 0 1 1 1 1 0 1 0 1 0 1 1 0 1 1 1 0 1 0 1 1 0 1 1 0 0 0 1 1 0 1 1 1 1 0 1 1 1 1 1 1 0 0 0 1 1 1 1 1 0 1 0 1 0 1 1 0 1 1 0 1 1 1 1 
0 0 1 0 0 1 0 0 0 0 1 1 1 0 1 1 1 0 0 1 1 0 0 1 0 1 1 1 0 1 1 1 0 0 0 1 1 0 1 0 1 1 0 0 0 0 0 1 1 1 1 1 1 0 1 1 1 1 0 1 0 0 0 0 0 0 1 0 1 1 1 0 0 1 1 1 0 1 1 0 0 0 0 1 0 1 0 1 0 1 0 0 1 0 1 1 1 1 1 0 
1 0 1 0 0 1 1 1 1 0 1 0 0 1 1 0 0 1 0 1 1 1 1 1 0 1 1 0 1 0 0 1 1 1 1 1 0 1 1 1 0 0 1 0 0 0 1 1 0 1 1 0 1 1 1 1 1 1 1 0 1 0 1 1 0 1 0 0 1 1 1 1 1 1 0 0 1 0 1 0 1 1 1 0 0 1 0 0 1 1 1 1 1 1 1 1 1 1 1 1 
0 1 1 0 1 1 1 1 0 1 1 1 1 1 1 1 0 0 1 1 0 0 1 1 0 0 0 0 0 0 1 0 1 0 1 1 1 1 0 0 1 0 1 1 0 1 0 0 1 1 1 1 0 0 1 1 1 1 1 0 0 1 1 0 0 0 0 0 0 0 0 1 0 1 0 0 1 0 1 1 1 0 0 0 1 1 1 0 0 1 1 1 0 0 1 1 1 1 0 0 
