25 15 10
67 61 26 50 25 49 80 70 24 31 41 81 58 80 52 
47 58 23 41 35 6 16 6 8 10 2 13 43 12 42 18 44 10 16 57 24 7 37 4 14 
0 0 0 0 0 0 0 0 0 0 1 1 0 0 0 1 1 0 1 1 0 0 0 1 0 
0 0 0 1 0 0 0 1 0 0 0 0 0 1 0 0 1 0 0 1 1 0 0 1 0 
0 0 0 0 0 0 0 0 0 1 0 0 0 0 0 1 0 1 0 0 1 0 0 0 0 
0 0 0 0 0 1 0 0 1 0 0 0 0 1 1 0 1 0 0 0 1 1 0 0 0 
0 0 0 0 0 0 1 1 0 1 1 0 0 0 0 0 0 0 0 0 0 0 0 0 0 
1 0 0 0 1 0 1 0 0 0 1 0 0 1 0 0 0 0 0 0 0 0 1 0 0 
0 1 1 0 0 0 0 1 0 0 1 1 0 1 0 0 0 0 1 0 0 1 1 0 0 
1 1 0 0 0 1 0 0 0 0 0 0 0 0 0 0 0 0 0 0 0 0 0 0 1 
0 0 1 0 0 0 0 0 1 0 0 0 0 0 0 0 0 0 1 0 1 0 0 0 0 
0 0 1 0 0 0 1 0 0 1 0 1 0 0 0 0 0 1 0 0 0 0 0 1 1 
0 0 1 0 1 0 1 0 0 0 0 0 0 0 0 0 0 0 1 0 1 1 0 0 0 
1 0 0 0 0 0 0 1 0 0 0 0 0 0 0 0 0 0 0 1 0 1 1 0 0 
0 0 0 0 0 0 0 0 1 0 1 0 1 0 0 0 1 0 0 0 0 0 0 0 0 
1 0 1 1 0 0 0 0 0 0 0 0 1 0 0 1 0 1 0 0 0 1 1 0 0 
0 0 0 0 1 0 0 0 0 1 0 0 0 0 1 1 0 1 0 0 0 0 0 1 0 
