25 15 10
<<<<<<<< Updated upstream:HandAdaptedSelected/25jobs/adapted_instance1222_m=4_n=25_l=15_c=10_s=0.txt
84 65 69 55 104 64 72 45 92 80 60 63 60 71 56 
========
58 83 59 62 85 57 90 41 58 81 70 67 53 75 69 
>>>>>>>> Stashed changes:IntanceChecker/Deviation/input_files/adapted_instance1222_m=4_n=25_l=15_c=10_s=0.txt
39 35 8 52 46 20 18 54 2 56 49 32 5 28 50 17 33 9 58 1 8 10 53 36 10 
0 0 0 0 0 0 0 0 0 0 1 1 0 0 0 1 1 0 1 1 0 0 0 1 0 
0 0 0 1 0 0 0 1 0 0 0 0 0 1 0 0 1 0 0 1 1 0 0 1 0 
0 0 0 0 0 0 0 0 0 1 0 0 0 0 0 1 0 1 0 0 1 0 0 0 0 
0 0 0 0 0 1 0 0 1 0 0 0 0 1 1 0 1 0 0 0 1 1 0 0 0 
0 0 0 0 0 0 1 1 0 1 1 0 0 0 0 0 0 0 0 0 0 0 0 0 0 
1 0 0 0 1 0 1 0 0 0 1 0 0 1 0 0 0 0 0 0 0 0 1 0 0 
0 1 1 0 0 0 0 1 0 0 1 1 0 1 0 0 0 0 1 0 0 1 1 0 0 
1 1 0 0 0 1 0 0 0 0 0 0 0 0 0 0 0 0 0 0 0 0 0 0 1 
0 0 1 0 0 0 0 0 1 0 0 0 0 0 0 0 0 0 1 0 1 0 0 0 0 
0 0 1 0 0 0 1 0 0 1 0 1 0 0 0 0 0 1 0 0 0 0 0 1 1 
0 0 1 0 1 0 1 0 0 0 0 0 0 0 0 0 0 0 1 0 1 1 0 0 0 
1 0 0 0 0 0 0 1 0 0 0 0 0 0 0 0 0 0 0 1 0 1 1 0 0 
0 0 0 0 0 0 0 0 1 0 1 0 1 0 0 0 1 0 0 0 0 0 0 0 0 
1 0 1 1 0 0 0 0 0 0 0 0 1 0 0 1 0 1 0 0 0 1 1 0 0 
0 0 0 0 1 0 0 0 0 1 0 0 0 0 1 1 0 1 0 0 0 0 0 1 0 
